n;min;p
10000;83;0.1
10000;140;0.1
10000;103;0.1
10000;84;0.1
10000;83;0.1
10000;99;0.1
10000;103;0.1
10000;88;0.1
10000;85;0.1
10000;98;0.1
10000;94;0.1
10000;95;0.1
10000;80;0.1
10000;98;0.1
10000;92;0.1
10000;84;0.1
10000;78;0.1
10000;87;0.1
10000;104;0.1
10000;87;0.1
10000;94;0.1
10000;93;0.1
10000;76;0.1
10000;87;0.1
10000;81;0.1
10000;85;0.1
10000;89;0.1
10000;97;0.1
10000;92;0.1
10000;86;0.1
10000;77;0.1
10000;90;0.1
10000;91;0.1
10000;80;0.1
10000;112;0.1
10000;90;0.1
10000;89;0.1
10000;87;0.1
10000;90;0.1
10000;114;0.1
10000;103;0.1
10000;94;0.1
10000;115;0.1
10000;93;0.1
10000;95;0.1
10000;84;0.1
10000;90;0.1
10000;87;0.1
10000;125;0.1
10000;86;0.1
20000;98;0.1
20000;93;0.1
20000;101;0.1
20000;113;0.1
20000;99;0.1
20000;93;0.1
20000;100;0.1
20000;90;0.1
20000;98;0.1
20000;99;0.1
20000;152;0.1
20000;87;0.1
20000;83;0.1
20000;79;0.1
20000;90;0.1
20000;99;0.1
20000;97;0.1
20000;95;0.1
20000;89;0.1
20000;88;0.1
20000;102;0.1
20000;103;0.1
20000;100;0.1
20000;111;0.1
20000;118;0.1
20000;107;0.1
20000;132;0.1
20000;104;0.1
20000;96;0.1
20000;87;0.1
20000;106;0.1
20000;108;0.1
20000;112;0.1
20000;112;0.1
20000;92;0.1
20000;127;0.1
20000;107;0.1
20000;106;0.1
20000;119;0.1
20000;94;0.1
20000;87;0.1
20000;97;0.1
20000;117;0.1
20000;84;0.1
20000;85;0.1
20000;106;0.1
20000;98;0.1
20000;100;0.1
20000;101;0.1
20000;107;0.1
30000;97;0.1
30000;111;0.1
30000;98;0.1
30000;110;0.1
30000;108;0.1
30000;123;0.1
30000;104;0.1
30000;92;0.1
30000;108;0.1
30000;98;0.1
30000;93;0.1
30000;97;0.1
30000;162;0.1
30000;90;0.1
30000;106;0.1
30000;98;0.1
30000;117;0.1
30000;105;0.1
30000;108;0.1
30000;90;0.1
30000;108;0.1
30000;89;0.1
30000;110;0.1
30000;103;0.1
30000;101;0.1
30000;129;0.1
30000;93;0.1
30000;93;0.1
30000;123;0.1
30000;104;0.1
30000;97;0.1
30000;101;0.1
30000;101;0.1
30000;110;0.1
30000;94;0.1
30000;123;0.1
30000;89;0.1
30000;114;0.1
30000;89;0.1
30000;86;0.1
30000;111;0.1
30000;112;0.1
30000;111;0.1
30000;110;0.1
30000;99;0.1
30000;110;0.1
30000;101;0.1
30000;96;0.1
30000;111;0.1
30000;132;0.1
40000;93;0.1
40000;106;0.1
40000;111;0.1
40000;99;0.1
40000;102;0.1
40000;101;0.1
40000;108;0.1
40000;123;0.1
40000;122;0.1
40000;111;0.1
40000;116;0.1
40000;105;0.1
40000;117;0.1
40000;93;0.1
40000;94;0.1
40000;98;0.1
40000;105;0.1
40000;99;0.1
40000;102;0.1
40000;95;0.1
40000;106;0.1
40000;114;0.1
40000;103;0.1
40000;92;0.1
40000;107;0.1
40000;107;0.1
40000;110;0.1
40000;107;0.1
40000;113;0.1
40000;101;0.1
40000;105;0.1
40000;86;0.1
40000;118;0.1
40000;112;0.1
40000;97;0.1
40000;112;0.1
40000;105;0.1
40000;92;0.1
40000;122;0.1
40000;126;0.1
40000;110;0.1
40000;87;0.1
40000;89;0.1
40000;101;0.1
40000;109;0.1
40000;110;0.1
40000;110;0.1
40000;107;0.1
40000;108;0.1
40000;126;0.1
50000;124;0.1
50000;105;0.1
50000;103;0.1
50000;116;0.1
50000;120;0.1
50000;116;0.1
50000;127;0.1
50000;93;0.1
50000;104;0.1
50000;101;0.1
50000;115;0.1
50000;125;0.1
50000;98;0.1
50000;95;0.1
50000;102;0.1
50000;109;0.1
50000;108;0.1
50000;102;0.1
50000;106;0.1
50000;125;0.1
50000;111;0.1
50000;104;0.1
50000;110;0.1
50000;96;0.1
50000;102;0.1
50000;128;0.1
50000;99;0.1
50000;97;0.1
50000;101;0.1
50000;107;0.1
50000;99;0.1
50000;111;0.1
50000;123;0.1
50000;96;0.1
50000;113;0.1
50000;121;0.1
50000;126;0.1
50000;122;0.1
50000;102;0.1
50000;108;0.1
50000;122;0.1
50000;105;0.1
50000;127;0.1
50000;106;0.1
50000;102;0.1
50000;124;0.1
50000;106;0.1
50000;107;0.1
50000;103;0.1
50000;109;0.1
60000;120;0.1
60000;114;0.1
60000;111;0.1
60000;92;0.1
60000;104;0.1
60000;97;0.1
60000;142;0.1
60000;106;0.1
60000;133;0.1
60000;109;0.1
60000;97;0.1
60000;118;0.1
60000;110;0.1
60000;97;0.1
60000;109;0.1
60000;120;0.1
60000;103;0.1
60000;106;0.1
60000;103;0.1
60000;111;0.1
60000;128;0.1
60000;119;0.1
60000;108;0.1
60000;131;0.1
60000;112;0.1
60000;115;0.1
60000;91;0.1
60000;102;0.1
60000;133;0.1
60000;104;0.1
60000;113;0.1
60000;122;0.1
60000;109;0.1
60000;134;0.1
60000;105;0.1
60000;124;0.1
60000;126;0.1
60000;121;0.1
60000;123;0.1
60000;106;0.1
60000;123;0.1
60000;112;0.1
60000;102;0.1
60000;97;0.1
60000;95;0.1
60000;126;0.1
60000;120;0.1
60000;96;0.1
60000;92;0.1
60000;122;0.1
70000;119;0.1
70000;119;0.1
70000;135;0.1
70000;130;0.1
70000;116;0.1
70000;126;0.1
70000;122;0.1
70000;145;0.1
70000;108;0.1
70000;114;0.1
70000;114;0.1
70000;115;0.1
70000;100;0.1
70000;120;0.1
70000;122;0.1
70000;162;0.1
70000;90;0.1
70000;123;0.1
70000;112;0.1
70000;109;0.1
70000;95;0.1
70000;102;0.1
70000;109;0.1
70000;105;0.1
70000;109;0.1
70000;125;0.1
70000;108;0.1
70000;96;0.1
70000;109;0.1
70000;134;0.1
70000;101;0.1
70000;123;0.1
70000;102;0.1
70000;104;0.1
70000;112;0.1
70000;107;0.1
70000;109;0.1
70000;100;0.1
70000;122;0.1
70000;109;0.1
70000;105;0.1
70000;130;0.1
70000;107;0.1
70000;109;0.1
70000;118;0.1
70000;98;0.1
70000;106;0.1
70000;100;0.1
70000;102;0.1
70000;114;0.1
80000;122;0.1
80000;126;0.1
80000;112;0.1
80000;112;0.1
80000;112;0.1
80000;122;0.1
80000;126;0.1
80000;124;0.1
80000;97;0.1
80000;100;0.1
80000;132;0.1
80000;108;0.1
80000;102;0.1
80000;102;0.1
80000;103;0.1
80000;115;0.1
80000;97;0.1
80000;108;0.1
80000;100;0.1
80000;115;0.1
80000;111;0.1
80000;102;0.1
80000;112;0.1
80000;116;0.1
80000;104;0.1
80000;99;0.1
80000;103;0.1
80000;117;0.1
80000;104;0.1
80000;93;0.1
80000;117;0.1
80000;120;0.1
80000;111;0.1
80000;105;0.1
80000;102;0.1
80000;106;0.1
80000;104;0.1
80000;113;0.1
80000;95;0.1
80000;102;0.1
80000;115;0.1
80000;102;0.1
80000;110;0.1
80000;111;0.1
80000;106;0.1
80000;114;0.1
80000;141;0.1
80000;95;0.1
80000;118;0.1
80000;110;0.1
90000;116;0.1
90000;105;0.1
90000;154;0.1
90000;118;0.1
90000;126;0.1
90000;121;0.1
90000;117;0.1
90000;101;0.1
90000;112;0.1
90000;108;0.1
90000;105;0.1
90000;119;0.1
90000;122;0.1
90000;114;0.1
90000;103;0.1
90000;103;0.1
90000;119;0.1
90000;97;0.1
90000;112;0.1
90000;110;0.1
90000;103;0.1
90000;121;0.1
90000;134;0.1
90000;115;0.1
90000;135;0.1
90000;144;0.1
90000;105;0.1
90000;128;0.1
90000;100;0.1
90000;128;0.1
90000;133;0.1
90000;108;0.1
90000;121;0.1
90000;121;0.1
90000;99;0.1
90000;135;0.1
90000;112;0.1
90000;123;0.1
90000;123;0.1
90000;126;0.1
90000;124;0.1
90000;112;0.1
90000;122;0.1
90000;106;0.1
90000;128;0.1
90000;113;0.1
90000;124;0.1
90000;115;0.1
90000;104;0.1
90000;111;0.1
100000;111;0.1
100000;125;0.1
100000;134;0.1
100000;133;0.1
100000;104;0.1
100000;130;0.1
100000;101;0.1
100000;105;0.1
100000;110;0.1
100000;106;0.1
100000;103;0.1
100000;111;0.1
100000;106;0.1
100000;115;0.1
100000;124;0.1
100000;128;0.1
100000;122;0.1
100000;112;0.1
100000;115;0.1
100000;107;0.1
100000;126;0.1
100000;97;0.1
100000;122;0.1
100000;115;0.1
100000;138;0.1
100000;117;0.1
100000;114;0.1
100000;110;0.1
100000;118;0.1
100000;109;0.1
100000;118;0.1
100000;111;0.1
100000;114;0.1
100000;114;0.1
100000;109;0.1
100000;103;0.1
100000;119;0.1
100000;107;0.1
100000;110;0.1
100000;108;0.1
100000;120;0.1
100000;132;0.1
100000;114;0.1
100000;107;0.1
100000;115;0.1
100000;158;0.1
100000;131;0.1
100000;108;0.1
100000;103;0.1
100000;127;0.1
110000;141;0.1
110000;123;0.1
110000;106;0.1
110000;103;0.1
110000;140;0.1
110000;104;0.1
110000;117;0.1
110000;108;0.1
110000;110;0.1
110000;110;0.1
110000;107;0.1
110000;120;0.1
110000;165;0.1
110000;123;0.1
110000;141;0.1
110000;117;0.1
110000;110;0.1
110000;112;0.1
110000;119;0.1
110000;117;0.1
110000;125;0.1
110000;102;0.1
110000;116;0.1
110000;120;0.1
110000;109;0.1
110000;129;0.1
110000;118;0.1
110000;112;0.1
110000;95;0.1
110000;128;0.1
110000;96;0.1
110000;119;0.1
110000;112;0.1
110000;111;0.1
110000;120;0.1
110000;116;0.1
110000;133;0.1
110000;126;0.1
110000;123;0.1
110000;108;0.1
110000;101;0.1
110000;132;0.1
110000;110;0.1
110000;109;0.1
110000;128;0.1
110000;122;0.1
110000;110;0.1
110000;128;0.1
110000;112;0.1
110000;97;0.1
120000;101;0.1
120000;102;0.1
120000;109;0.1
120000;112;0.1
120000;118;0.1
120000;124;0.1
120000;105;0.1
120000;114;0.1
120000;133;0.1
120000;123;0.1
120000;128;0.1
120000;96;0.1
120000;119;0.1
120000;113;0.1
120000;110;0.1
120000;125;0.1
120000;124;0.1
120000;122;0.1
120000;108;0.1
120000;121;0.1
120000;114;0.1
120000;107;0.1
120000;132;0.1
120000;106;0.1
120000;135;0.1
120000;139;0.1
120000;131;0.1
120000;119;0.1
120000;129;0.1
120000;113;0.1
120000;109;0.1
120000;115;0.1
120000;112;0.1
120000;122;0.1
120000;104;0.1
120000;107;0.1
120000;128;0.1
120000;116;0.1
120000;124;0.1
120000;109;0.1
120000;109;0.1
120000;108;0.1
120000;104;0.1
120000;114;0.1
120000;129;0.1
120000;121;0.1
120000;108;0.1
120000;109;0.1
120000;119;0.1
120000;126;0.1
130000;112;0.1
130000;107;0.1
130000;116;0.1
130000;133;0.1
130000;137;0.1
130000;113;0.1
130000;115;0.1
130000;103;0.1
130000;114;0.1
130000;116;0.1
130000;135;0.1
130000;102;0.1
130000;120;0.1
130000;109;0.1
130000;106;0.1
130000;108;0.1
130000;119;0.1
130000;128;0.1
130000;99;0.1
130000;112;0.1
130000;119;0.1
130000;99;0.1
130000;112;0.1
130000;124;0.1
130000;124;0.1
130000;109;0.1
130000;124;0.1
130000;123;0.1
130000;131;0.1
130000;114;0.1
130000;134;0.1
130000;128;0.1
130000;117;0.1
130000;126;0.1
130000;109;0.1
130000;129;0.1
130000;135;0.1
130000;120;0.1
130000;114;0.1
130000;105;0.1
130000;142;0.1
130000;109;0.1
130000;99;0.1
130000;109;0.1
130000;106;0.1
130000;127;0.1
130000;105;0.1
130000;125;0.1
130000;117;0.1
130000;120;0.1
140000;109;0.1
140000;117;0.1
140000;114;0.1
140000;104;0.1
140000;103;0.1
140000;115;0.1
140000;116;0.1
140000;122;0.1
140000;141;0.1
140000;117;0.1
140000;109;0.1
140000;123;0.1
140000;112;0.1
140000;118;0.1
140000;172;0.1
140000;117;0.1
140000;101;0.1
140000;136;0.1
140000;123;0.1
140000;137;0.1
140000;135;0.1
140000;108;0.1
140000;114;0.1
140000;115;0.1
140000;110;0.1
140000;111;0.1
140000;124;0.1
140000;146;0.1
140000;117;0.1
140000;119;0.1
140000;123;0.1
140000;122;0.1
140000;124;0.1
140000;120;0.1
140000;111;0.1
140000;130;0.1
140000;116;0.1
140000;123;0.1
140000;139;0.1
140000;133;0.1
140000;123;0.1
140000;110;0.1
140000;103;0.1
140000;119;0.1
140000;111;0.1
140000;118;0.1
140000;123;0.1
140000;113;0.1
140000;126;0.1
140000;110;0.1
150000;134;0.1
150000;107;0.1
150000;112;0.1
150000;105;0.1
150000;115;0.1
150000;113;0.1
150000;113;0.1
150000;145;0.1
150000;123;0.1
150000;119;0.1
150000;125;0.1
150000;121;0.1
150000;115;0.1
150000;106;0.1
150000;122;0.1
150000;127;0.1
150000;136;0.1
150000;121;0.1
150000;121;0.1
150000;114;0.1
150000;133;0.1
150000;103;0.1
150000;119;0.1
150000;118;0.1
150000;105;0.1
150000;107;0.1
150000;113;0.1
150000;160;0.1
150000;122;0.1
150000;134;0.1
150000;100;0.1
150000;125;0.1
150000;134;0.1
150000;115;0.1
150000;128;0.1
150000;136;0.1
150000;121;0.1
150000;119;0.1
150000;120;0.1
150000;121;0.1
150000;98;0.1
150000;118;0.1
150000;114;0.1
150000;124;0.1
150000;121;0.1
150000;116;0.1
150000;132;0.1
150000;121;0.1
150000;124;0.1
150000;134;0.1
160000;139;0.1
160000;113;0.1
160000;111;0.1
160000;120;0.1
160000;104;0.1
160000;119;0.1
160000;118;0.1
160000;109;0.1
160000;139;0.1
160000;146;0.1
160000;115;0.1
160000;111;0.1
160000;135;0.1
160000;115;0.1
160000;110;0.1
160000;107;0.1
160000;121;0.1
160000;114;0.1
160000;110;0.1
160000;110;0.1
160000;133;0.1
160000;149;0.1
160000;114;0.1
160000;114;0.1
160000;152;0.1
160000;105;0.1
160000;116;0.1
160000;141;0.1
160000;103;0.1
160000;120;0.1
160000;118;0.1
160000;173;0.1
160000;126;0.1
160000;125;0.1
160000;119;0.1
160000;118;0.1
160000;137;0.1
160000;117;0.1
160000;149;0.1
160000;114;0.1
160000;123;0.1
160000;112;0.1
160000;106;0.1
160000;125;0.1
160000;139;0.1
160000;121;0.1
160000;132;0.1
160000;161;0.1
160000;117;0.1
160000;115;0.1
170000;123;0.1
170000;115;0.1
170000;139;0.1
170000;124;0.1
170000;130;0.1
170000;132;0.1
170000;116;0.1
170000;111;0.1
170000;117;0.1
170000;112;0.1
170000;118;0.1
170000;133;0.1
170000;112;0.1
170000;128;0.1
170000;118;0.1
170000;129;0.1
170000;136;0.1
170000;109;0.1
170000;115;0.1
170000;110;0.1
170000;109;0.1
170000;116;0.1
170000;110;0.1
170000;127;0.1
170000;139;0.1
170000;113;0.1
170000;97;0.1
170000;130;0.1
170000;114;0.1
170000;126;0.1
170000;131;0.1
170000;115;0.1
170000;133;0.1
170000;115;0.1
170000;110;0.1
170000;111;0.1
170000;114;0.1
170000;115;0.1
170000;108;0.1
170000;136;0.1
170000;122;0.1
170000;106;0.1
170000;113;0.1
170000;132;0.1
170000;126;0.1
170000;110;0.1
170000;99;0.1
170000;125;0.1
170000;128;0.1
170000;146;0.1
180000;115;0.1
180000;129;0.1
180000;115;0.1
180000;118;0.1
180000;116;0.1
180000;124;0.1
180000;116;0.1
180000;114;0.1
180000;122;0.1
180000;115;0.1
180000;139;0.1
180000;120;0.1
180000;131;0.1
180000;120;0.1
180000;153;0.1
180000;129;0.1
180000;125;0.1
180000;121;0.1
180000;110;0.1
180000;131;0.1
180000;106;0.1
180000;133;0.1
180000;113;0.1
180000;116;0.1
180000;121;0.1
180000;135;0.1
180000;122;0.1
180000;107;0.1
180000;115;0.1
180000;114;0.1
180000;122;0.1
180000;135;0.1
180000;113;0.1
180000;117;0.1
180000;122;0.1
180000;119;0.1
180000;141;0.1
180000;116;0.1
180000;128;0.1
180000;124;0.1
180000;113;0.1
180000;122;0.1
180000;119;0.1
180000;133;0.1
180000;111;0.1
180000;123;0.1
180000;123;0.1
180000;122;0.1
180000;103;0.1
180000;120;0.1
190000;114;0.1
190000;132;0.1
190000;148;0.1
190000;114;0.1
190000;111;0.1
190000;99;0.1
190000;113;0.1
190000;113;0.1
190000;146;0.1
190000;117;0.1
190000;132;0.1
190000;129;0.1
190000;115;0.1
190000;121;0.1
190000;113;0.1
190000;137;0.1
190000;127;0.1
190000;117;0.1
190000;116;0.1
190000;139;0.1
190000;118;0.1
190000;125;0.1
190000;106;0.1
190000;112;0.1
190000;118;0.1
190000;111;0.1
190000;110;0.1
190000;138;0.1
190000;130;0.1
190000;117;0.1
190000;125;0.1
190000;116;0.1
190000;136;0.1
190000;129;0.1
190000;138;0.1
190000;140;0.1
190000;126;0.1
190000;103;0.1
190000;110;0.1
190000;141;0.1
190000;108;0.1
190000;145;0.1
190000;118;0.1
190000;120;0.1
190000;113;0.1
190000;128;0.1
190000;127;0.1
190000;118;0.1
190000;120;0.1
190000;151;0.1
200000;110;0.1
200000;128;0.1
200000;128;0.1
200000;117;0.1
200000;128;0.1
200000;136;0.1
200000;135;0.1
200000;111;0.1
200000;135;0.1
200000;152;0.1
200000;131;0.1
200000;131;0.1
200000;132;0.1
200000;113;0.1
200000;109;0.1
200000;146;0.1
200000;113;0.1
200000;114;0.1
200000;118;0.1
200000;142;0.1
200000;112;0.1
200000;112;0.1
200000;116;0.1
200000;107;0.1
200000;120;0.1
200000;125;0.1
200000;113;0.1
200000;115;0.1
200000;117;0.1
200000;124;0.1
200000;135;0.1
200000;110;0.1
200000;119;0.1
200000;121;0.1
200000;125;0.1
200000;131;0.1
200000;118;0.1
200000;138;0.1
200000;139;0.1
200000;121;0.1
200000;138;0.1
200000;110;0.1
200000;133;0.1
200000;122;0.1
200000;112;0.1
200000;135;0.1
200000;127;0.1
200000;110;0.1
200000;132;0.1
200000;109;0.1
210000;116;0.1
210000;116;0.1
210000;118;0.1
210000;109;0.1
210000;117;0.1
210000;123;0.1
210000;125;0.1
210000;108;0.1
210000;122;0.1
210000;134;0.1
210000;136;0.1
210000;142;0.1
210000;121;0.1
210000;120;0.1
210000;106;0.1
210000;139;0.1
210000;136;0.1
210000;116;0.1
210000;126;0.1
210000;131;0.1
210000;127;0.1
210000;108;0.1
210000;117;0.1
210000;119;0.1
210000;128;0.1
210000;113;0.1
210000;130;0.1
210000;122;0.1
210000;114;0.1
210000;114;0.1
210000;109;0.1
210000;120;0.1
210000;131;0.1
210000;131;0.1
210000;149;0.1
210000;138;0.1
210000;130;0.1
210000;131;0.1
210000;128;0.1
210000;125;0.1
210000;107;0.1
210000;118;0.1
210000;119;0.1
210000;153;0.1
210000;108;0.1
210000;125;0.1
210000;125;0.1
210000;126;0.1
210000;124;0.1
210000;125;0.1
220000;110;0.1
220000;124;0.1
220000;128;0.1
220000;119;0.1
220000;126;0.1
220000;138;0.1
220000;122;0.1
220000;113;0.1
220000;127;0.1
220000;134;0.1
220000;120;0.1
220000;128;0.1
220000;103;0.1
220000;128;0.1
220000;128;0.1
220000;123;0.1
220000;128;0.1
220000;108;0.1
220000;142;0.1
220000;117;0.1
220000;127;0.1
220000;112;0.1
220000;134;0.1
220000;144;0.1
220000;132;0.1
220000;124;0.1
220000;109;0.1
220000;110;0.1
220000;127;0.1
220000;108;0.1
220000;126;0.1
220000;140;0.1
220000;124;0.1
220000;107;0.1
220000;149;0.1
220000;124;0.1
220000;125;0.1
220000;142;0.1
220000;124;0.1
220000;125;0.1
220000;129;0.1
220000;105;0.1
220000;122;0.1
220000;107;0.1
220000;120;0.1
220000;160;0.1
220000;115;0.1
220000;131;0.1
220000;118;0.1
220000;107;0.1
230000;162;0.1
230000;115;0.1
230000;128;0.1
230000;107;0.1
230000;118;0.1
230000;123;0.1
230000;138;0.1
230000;132;0.1
230000;115;0.1
230000;145;0.1
230000;120;0.1
230000;118;0.1
230000;111;0.1
230000;119;0.1
230000;138;0.1
230000;122;0.1
230000;114;0.1
230000;122;0.1
230000;113;0.1
230000;162;0.1
230000;140;0.1
230000;121;0.1
230000;122;0.1
230000;116;0.1
230000;125;0.1
230000;121;0.1
230000;128;0.1
230000;115;0.1
230000;116;0.1
230000;123;0.1
230000;128;0.1
230000;107;0.1
230000;114;0.1
230000;117;0.1
230000;139;0.1
230000;135;0.1
230000;140;0.1
230000;157;0.1
230000;132;0.1
230000;122;0.1
230000;114;0.1
230000;153;0.1
230000;119;0.1
230000;124;0.1
230000;126;0.1
230000;112;0.1
230000;109;0.1
230000;136;0.1
230000;130;0.1
230000;119;0.1
240000;119;0.1
240000;146;0.1
240000;114;0.1
240000;112;0.1
240000;126;0.1
240000;116;0.1
240000;111;0.1
240000;122;0.1
240000;124;0.1
240000;120;0.1
240000;108;0.1
240000;109;0.1
240000;128;0.1
240000;120;0.1
240000;112;0.1
240000;123;0.1
240000;138;0.1
240000;158;0.1
240000;135;0.1
240000;136;0.1
240000;111;0.1
240000;136;0.1
240000;111;0.1
240000;116;0.1
240000;126;0.1
240000;132;0.1
240000;124;0.1
240000;120;0.1
240000;117;0.1
240000;125;0.1
240000;111;0.1
240000;131;0.1
240000;114;0.1
240000;129;0.1
240000;119;0.1
240000;118;0.1
240000;154;0.1
240000;108;0.1
240000;120;0.1
240000;131;0.1
240000;116;0.1
240000;114;0.1
240000;119;0.1
240000;118;0.1
240000;127;0.1
240000;134;0.1
240000;128;0.1
240000;105;0.1
240000;120;0.1
240000;119;0.1
250000;129;0.1
250000;129;0.1
250000;125;0.1
250000;127;0.1
250000;110;0.1
250000;134;0.1
250000;138;0.1
250000;137;0.1
250000;123;0.1
250000;116;0.1
250000;123;0.1
250000;116;0.1
250000;116;0.1
250000;123;0.1
250000;130;0.1
250000;122;0.1
250000;117;0.1
250000;148;0.1
250000;117;0.1
250000;116;0.1
250000;128;0.1
250000;125;0.1
250000;120;0.1
250000;113;0.1
250000;130;0.1
250000;132;0.1
250000;118;0.1
250000;119;0.1
250000;99;0.1
250000;131;0.1
250000;110;0.1
250000;116;0.1
250000;117;0.1
250000;116;0.1
250000;134;0.1
250000;119;0.1
250000;117;0.1
250000;133;0.1
250000;140;0.1
250000;137;0.1
250000;123;0.1
250000;119;0.1
250000;119;0.1
250000;117;0.1
250000;122;0.1
250000;167;0.1
250000;115;0.1
250000;136;0.1
250000;111;0.1
250000;122;0.1
260000;108;0.1
260000;114;0.1
260000;115;0.1
260000;126;0.1
260000;112;0.1
260000;115;0.1
260000;123;0.1
260000;120;0.1
260000;121;0.1
260000;116;0.1
260000;150;0.1
260000;166;0.1
260000;130;0.1
260000;140;0.1
260000;116;0.1
260000;151;0.1
260000;133;0.1
260000;117;0.1
260000;120;0.1
260000;156;0.1
260000;153;0.1
260000;120;0.1
260000;120;0.1
260000;124;0.1
260000;120;0.1
260000;128;0.1
260000;115;0.1
260000;112;0.1
260000;120;0.1
260000;135;0.1
260000;110;0.1
260000;109;0.1
260000;122;0.1
260000;134;0.1
260000;114;0.1
260000;131;0.1
260000;117;0.1
260000;125;0.1
260000;143;0.1
260000;117;0.1
260000;136;0.1
260000;119;0.1
260000;130;0.1
260000;111;0.1
260000;117;0.1
260000;118;0.1
260000;113;0.1
260000;147;0.1
260000;107;0.1
260000;131;0.1
270000;145;0.1
270000;122;0.1
270000;117;0.1
270000;129;0.1
270000;138;0.1
270000;112;0.1
270000;116;0.1
270000;128;0.1
270000;128;0.1
270000;138;0.1
270000;146;0.1
270000;110;0.1
270000;128;0.1
270000;127;0.1
270000;106;0.1
270000;154;0.1
270000;111;0.1
270000;109;0.1
270000;132;0.1
270000;123;0.1
270000;127;0.1
270000;121;0.1
270000;110;0.1
270000;155;0.1
270000;136;0.1
270000;129;0.1
270000;140;0.1
270000;116;0.1
270000;122;0.1
270000;125;0.1
270000;125;0.1
270000;126;0.1
270000;118;0.1
270000;141;0.1
270000;117;0.1
270000;122;0.1
270000;133;0.1
270000;118;0.1
270000;114;0.1
270000;120;0.1
270000;129;0.1
270000;135;0.1
270000;154;0.1
270000;119;0.1
270000;111;0.1
270000;112;0.1
270000;120;0.1
270000;145;0.1
270000;131;0.1
270000;118;0.1
280000;138;0.1
280000;113;0.1
280000;123;0.1
280000;118;0.1
280000;133;0.1
280000;121;0.1
280000;124;0.1
280000;128;0.1
280000;105;0.1
280000;109;0.1
280000;147;0.1
280000;125;0.1
280000;120;0.1
280000;117;0.1
280000;136;0.1
280000;131;0.1
280000;118;0.1
280000;118;0.1
280000;127;0.1
280000;117;0.1
280000;126;0.1
280000;134;0.1
280000;131;0.1
280000;124;0.1
280000;126;0.1
280000;116;0.1
280000;115;0.1
280000;116;0.1
280000;120;0.1
280000;143;0.1
280000;149;0.1
280000;109;0.1
280000;128;0.1
280000;118;0.1
280000;128;0.1
280000;131;0.1
280000;121;0.1
280000;126;0.1
280000;118;0.1
280000;132;0.1
280000;123;0.1
280000;124;0.1
280000;118;0.1
280000;123;0.1
280000;113;0.1
280000;129;0.1
280000;136;0.1
280000;114;0.1
280000;114;0.1
280000;112;0.1
290000;138;0.1
290000;115;0.1
290000;125;0.1
290000;115;0.1
290000;118;0.1
290000;109;0.1
290000;118;0.1
290000;155;0.1
290000;122;0.1
290000;147;0.1
290000;123;0.1
290000;120;0.1
290000;108;0.1
290000;127;0.1
290000;124;0.1
290000;118;0.1
290000;116;0.1
290000;135;0.1
290000;139;0.1
290000;128;0.1
290000;137;0.1
290000;123;0.1
290000;117;0.1
290000;126;0.1
290000;126;0.1
290000;133;0.1
290000;120;0.1
290000;144;0.1
290000;128;0.1
290000;119;0.1
290000;122;0.1
290000;131;0.1
290000;124;0.1
290000;130;0.1
290000;111;0.1
290000;125;0.1
290000;128;0.1
290000;117;0.1
290000;112;0.1
290000;119;0.1
290000;128;0.1
290000;113;0.1
290000;119;0.1
290000;115;0.1
290000;154;0.1
290000;116;0.1
290000;140;0.1
290000;119;0.1
290000;118;0.1
290000;121;0.1
300000;135;0.1
300000;122;0.1
300000;116;0.1
300000;123;0.1
300000;122;0.1
300000;117;0.1
300000;124;0.1
300000;113;0.1
300000;123;0.1
300000;123;0.1
300000;122;0.1
300000;125;0.1
300000;141;0.1
300000;119;0.1
300000;140;0.1
300000;126;0.1
300000;134;0.1
300000;117;0.1
300000;106;0.1
300000;136;0.1
300000;113;0.1
300000;133;0.1
300000;120;0.1
300000;116;0.1
300000;120;0.1
300000;140;0.1
300000;125;0.1
300000;119;0.1
300000;121;0.1
300000;123;0.1
300000;121;0.1
300000;143;0.1
300000;113;0.1
300000;131;0.1
300000;123;0.1
300000;139;0.1
300000;116;0.1
300000;113;0.1
300000;118;0.1
300000;126;0.1
300000;115;0.1
300000;130;0.1
300000;158;0.1
300000;114;0.1
300000;160;0.1
300000;114;0.1
300000;131;0.1
300000;111;0.1
300000;124;0.1
300000;126;0.1
310000;133;0.1
310000;153;0.1
310000;131;0.1
310000;117;0.1
310000;126;0.1
310000;130;0.1
310000;116;0.1
310000;134;0.1
310000;158;0.1
310000;115;0.1
310000;113;0.1
310000;122;0.1
310000;141;0.1
310000;136;0.1
310000;128;0.1
310000;139;0.1
310000;117;0.1
310000;132;0.1
310000;113;0.1
310000;123;0.1
310000;132;0.1
310000;120;0.1
310000;126;0.1
310000;122;0.1
310000;141;0.1
310000;115;0.1
310000;116;0.1
310000;129;0.1
310000;111;0.1
310000;143;0.1
310000;106;0.1
310000;133;0.1
310000;144;0.1
310000;117;0.1
310000;154;0.1
310000;122;0.1
310000;136;0.1
310000;134;0.1
310000;129;0.1
310000;184;0.1
310000;117;0.1
310000;128;0.1
310000;129;0.1
310000;134;0.1
310000;115;0.1
310000;135;0.1
310000;137;0.1
310000;121;0.1
310000;124;0.1
310000;143;0.1
320000;122;0.1
320000;110;0.1
320000;128;0.1
320000;122;0.1
320000;128;0.1
320000;123;0.1
320000;117;0.1
320000;139;0.1
320000;177;0.1
320000;136;0.1
320000;122;0.1
320000;121;0.1
320000;156;0.1
320000;123;0.1
320000;122;0.1
320000;121;0.1
320000;125;0.1
320000;125;0.1
320000;134;0.1
320000;131;0.1
320000;113;0.1
320000;114;0.1
320000;143;0.1
320000;124;0.1
320000;111;0.1
320000;108;0.1
320000;123;0.1
320000;115;0.1
320000;119;0.1
320000;137;0.1
320000;114;0.1
320000;133;0.1
320000;112;0.1
320000;129;0.1
320000;121;0.1
320000;115;0.1
320000;128;0.1
320000;120;0.1
320000;120;0.1
320000;130;0.1
320000;121;0.1
320000;117;0.1
320000;142;0.1
320000;118;0.1
320000;135;0.1
320000;119;0.1
320000;118;0.1
320000;129;0.1
320000;109;0.1
320000;110;0.1
330000;143;0.1
330000;130;0.1
330000;111;0.1
330000;134;0.1
330000;121;0.1
330000;121;0.1
330000;121;0.1
330000;131;0.1
330000;127;0.1
330000;142;0.1
330000;111;0.1
330000;122;0.1
330000;123;0.1
330000;137;0.1
330000;156;0.1
330000;115;0.1
330000;130;0.1
330000;143;0.1
330000;122;0.1
330000;134;0.1
330000;131;0.1
330000;129;0.1
330000;132;0.1
330000;111;0.1
330000;124;0.1
330000;119;0.1
330000;128;0.1
330000;129;0.1
330000;113;0.1
330000;119;0.1
330000;128;0.1
330000;136;0.1
330000;126;0.1
330000;161;0.1
330000;115;0.1
330000;119;0.1
330000;134;0.1
330000;142;0.1
330000;123;0.1
330000;119;0.1
330000;125;0.1
330000;125;0.1
330000;118;0.1
330000;125;0.1
330000;132;0.1
330000;121;0.1
330000;140;0.1
330000;141;0.1
330000;114;0.1
330000;120;0.1
340000;139;0.1
340000;154;0.1
340000;123;0.1
340000;115;0.1
340000;129;0.1
340000;120;0.1
340000;139;0.1
340000;146;0.1
340000;117;0.1
340000;128;0.1
340000;141;0.1
340000;123;0.1
340000;115;0.1
340000;113;0.1
340000;121;0.1
340000;141;0.1
340000;119;0.1
340000;112;0.1
340000;125;0.1
340000;117;0.1
340000;117;0.1
340000;124;0.1
340000;128;0.1
340000;119;0.1
340000;130;0.1
340000;117;0.1
340000;150;0.1
340000;120;0.1
340000;124;0.1
340000;132;0.1
340000;111;0.1
340000;140;0.1
340000;112;0.1
340000;134;0.1
340000;126;0.1
340000;135;0.1
340000;117;0.1
340000;154;0.1
340000;120;0.1
340000;143;0.1
340000;114;0.1
340000;124;0.1
340000;151;0.1
340000;131;0.1
340000;132;0.1
340000;139;0.1
340000;140;0.1
340000;121;0.1
340000;127;0.1
340000;120;0.1
350000;131;0.1
350000;132;0.1
350000;122;0.1
350000;118;0.1
350000;122;0.1
350000;130;0.1
350000;131;0.1
350000;120;0.1
350000;134;0.1
350000;143;0.1
350000;127;0.1
350000;135;0.1
350000;160;0.1
350000;116;0.1
350000;131;0.1
350000;133;0.1
350000;128;0.1
350000;124;0.1
350000;126;0.1
350000;105;0.1
350000;131;0.1
350000;123;0.1
350000;162;0.1
350000;110;0.1
350000;125;0.1
350000;122;0.1
350000;130;0.1
350000;113;0.1
350000;153;0.1
350000;126;0.1
350000;118;0.1
350000;131;0.1
350000;117;0.1
350000;130;0.1
350000;136;0.1
350000;114;0.1
350000;126;0.1
350000;124;0.1
350000;117;0.1
350000;125;0.1
350000;118;0.1
350000;131;0.1
350000;114;0.1
350000;125;0.1
350000;120;0.1
350000;134;0.1
350000;127;0.1
350000;114;0.1
350000;116;0.1
350000;116;0.1
360000;113;0.1
360000;125;0.1
360000;126;0.1
360000;128;0.1
360000;114;0.1
360000;123;0.1
360000;118;0.1
360000;114;0.1
360000;116;0.1
360000;118;0.1
360000;132;0.1
360000;137;0.1
360000;120;0.1
360000;144;0.1
360000;129;0.1
360000;116;0.1
360000;114;0.1
360000;110;0.1
360000;115;0.1
360000;127;0.1
360000;113;0.1
360000;119;0.1
360000;121;0.1
360000;124;0.1
360000;149;0.1
360000;128;0.1
360000;131;0.1
360000;117;0.1
360000;139;0.1
360000;139;0.1
360000;118;0.1
360000;116;0.1
360000;129;0.1
360000;131;0.1
360000;140;0.1
360000;126;0.1
360000;125;0.1
360000;127;0.1
360000;121;0.1
360000;128;0.1
360000;119;0.1
360000;148;0.1
360000;114;0.1
360000;147;0.1
360000;126;0.1
360000;130;0.1
360000;124;0.1
360000;124;0.1
360000;148;0.1
360000;129;0.1
370000;146;0.1
370000;134;0.1
370000;115;0.1
370000;123;0.1
370000;146;0.1
370000;123;0.1
370000;128;0.1
370000;117;0.1
370000;119;0.1
370000;125;0.1
370000;136;0.1
370000;130;0.1
370000;110;0.1
370000;132;0.1
370000;131;0.1
370000;107;0.1
370000;113;0.1
370000;131;0.1
370000;133;0.1
370000;126;0.1
370000;116;0.1
370000;143;0.1
370000;158;0.1
370000;128;0.1
370000;158;0.1
370000;105;0.1
370000;117;0.1
370000;149;0.1
370000;130;0.1
370000;127;0.1
370000;129;0.1
370000;151;0.1
370000;172;0.1
370000;122;0.1
370000;117;0.1
370000;120;0.1
370000;139;0.1
370000;124;0.1
370000;139;0.1
370000;110;0.1
370000;118;0.1
370000;141;0.1
370000;172;0.1
370000;141;0.1
370000;121;0.1
370000;156;0.1
370000;118;0.1
370000;127;0.1
370000;125;0.1
370000;118;0.1
380000;130;0.1
380000;116;0.1
380000;121;0.1
380000;134;0.1
380000;128;0.1
380000;111;0.1
380000;110;0.1
380000;130;0.1
380000;142;0.1
380000;116;0.1
380000;141;0.1
380000;117;0.1
380000;112;0.1
380000;121;0.1
380000;125;0.1
380000;154;0.1
380000;134;0.1
380000;157;0.1
380000;124;0.1
380000;125;0.1
380000;130;0.1
380000;110;0.1
380000;133;0.1
380000;118;0.1
380000;147;0.1
380000;134;0.1
380000;123;0.1
380000;122;0.1
380000;122;0.1
380000;113;0.1
380000;124;0.1
380000;118;0.1
380000;124;0.1
380000;144;0.1
380000;119;0.1
380000;114;0.1
380000;122;0.1
380000;122;0.1
380000;130;0.1
380000;132;0.1
380000;141;0.1
380000;136;0.1
380000;127;0.1
380000;123;0.1
380000;124;0.1
380000;125;0.1
380000;162;0.1
380000;132;0.1
380000;127;0.1
380000;122;0.1
390000;167;0.1
390000;152;0.1
390000;127;0.1
390000;151;0.1
390000;108;0.1
390000;113;0.1
390000;115;0.1
390000;146;0.1
390000;120;0.1
390000;115;0.1
390000;118;0.1
390000;129;0.1
390000;119;0.1
390000;131;0.1
390000;131;0.1
390000;117;0.1
390000;125;0.1
390000;139;0.1
390000;121;0.1
390000;141;0.1
390000;127;0.1
390000;146;0.1
390000;133;0.1
390000;136;0.1
390000;123;0.1
390000;123;0.1
390000;127;0.1
390000;140;0.1
390000;142;0.1
390000;133;0.1
390000;131;0.1
390000;125;0.1
390000;117;0.1
390000;120;0.1
390000;129;0.1
390000;143;0.1
390000;137;0.1
390000;121;0.1
390000;151;0.1
390000;121;0.1
390000;126;0.1
390000;128;0.1
390000;123;0.1
390000;167;0.1
390000;124;0.1
390000;122;0.1
390000;117;0.1
390000;121;0.1
390000;121;0.1
390000;136;0.1
400000;122;0.1
400000;123;0.1
400000;170;0.1
400000;155;0.1
400000;146;0.1
400000;116;0.1
400000;142;0.1
400000;115;0.1
400000;131;0.1
400000;148;0.1
400000;122;0.1
400000;159;0.1
400000;143;0.1
400000;133;0.1
400000;140;0.1
400000;137;0.1
400000;143;0.1
400000;117;0.1
400000;122;0.1
400000;119;0.1
400000;120;0.1
400000;136;0.1
400000;117;0.1
400000;178;0.1
400000;136;0.1
400000;135;0.1
400000;154;0.1
400000;158;0.1
400000;122;0.1
400000;143;0.1
400000;121;0.1
400000;163;0.1
400000;118;0.1
400000;136;0.1
400000;140;0.1
400000;125;0.1
400000;152;0.1
400000;119;0.1
400000;139;0.1
400000;146;0.1
400000;143;0.1
400000;134;0.1
400000;114;0.1
400000;119;0.1
400000;187;0.1
400000;127;0.1
400000;136;0.1
400000;130;0.1
400000;166;0.1
400000;132;0.1
410000;116;0.1
410000;129;0.1
410000;128;0.1
410000;121;0.1
410000;121;0.1
410000;125;0.1
410000;159;0.1
410000;127;0.1
410000;151;0.1
410000;113;0.1
410000;120;0.1
410000;133;0.1
410000;121;0.1
410000;106;0.1
410000;122;0.1
410000;129;0.1
410000;119;0.1
410000;136;0.1
410000;119;0.1
410000;119;0.1
410000;119;0.1
410000;127;0.1
410000;141;0.1
410000;142;0.1
410000;131;0.1
410000;131;0.1
410000;145;0.1
410000;145;0.1
410000;111;0.1
410000;145;0.1
410000;126;0.1
410000;118;0.1
410000;124;0.1
410000;127;0.1
410000;137;0.1
410000;125;0.1
410000;143;0.1
410000;141;0.1
410000;142;0.1
410000;119;0.1
410000;123;0.1
410000;142;0.1
410000;122;0.1
410000;136;0.1
410000;130;0.1
410000;123;0.1
410000;113;0.1
410000;133;0.1
410000;127;0.1
410000;136;0.1
420000;141;0.1
420000;132;0.1
420000;131;0.1
420000;185;0.1
420000;123;0.1
420000;144;0.1
420000;142;0.1
420000;134;0.1
420000;126;0.1
420000;128;0.1
420000;128;0.1
420000;118;0.1
420000;117;0.1
420000;137;0.1
420000;120;0.1
420000;138;0.1
420000;130;0.1
420000;120;0.1
420000;112;0.1
420000;139;0.1
420000;122;0.1
420000;134;0.1
420000;138;0.1
420000;114;0.1
420000;121;0.1
420000;112;0.1
420000;116;0.1
420000;134;0.1
420000;159;0.1
420000;122;0.1
420000;149;0.1
420000;125;0.1
420000;133;0.1
420000;129;0.1
420000;144;0.1
420000;121;0.1
420000;125;0.1
420000;150;0.1
420000;119;0.1
420000;124;0.1
420000;126;0.1
420000;152;0.1
420000;155;0.1
420000;154;0.1
420000;119;0.1
420000;131;0.1
420000;120;0.1
420000;137;0.1
420000;141;0.1
420000;128;0.1
430000;123;0.1
430000;127;0.1
430000;124;0.1
430000;132;0.1
430000;134;0.1
430000;121;0.1
430000;145;0.1
430000;144;0.1
430000;128;0.1
430000;135;0.1
430000;125;0.1
430000;131;0.1
430000;134;0.1
430000;126;0.1
430000;124;0.1
430000;121;0.1
430000;126;0.1
430000;160;0.1
430000;123;0.1
430000;125;0.1
430000;139;0.1
430000;113;0.1
430000;139;0.1
430000;121;0.1
430000;129;0.1
430000;124;0.1
430000;132;0.1
430000;154;0.1
430000;138;0.1
430000;127;0.1
430000;131;0.1
430000;135;0.1
430000;128;0.1
430000;131;0.1
430000;125;0.1
430000;119;0.1
430000;124;0.1
430000;116;0.1
430000;141;0.1
430000;126;0.1
430000;137;0.1
430000;126;0.1
430000;135;0.1
430000;121;0.1
430000;132;0.1
430000;132;0.1
430000;135;0.1
430000;126;0.1
430000;141;0.1
430000;131;0.1
440000;131;0.1
440000;132;0.1
440000;126;0.1
440000;161;0.1
440000;142;0.1
440000;140;0.1
440000;114;0.1
440000;114;0.1
440000;115;0.1
440000;147;0.1
440000;125;0.1
440000;127;0.1
440000;125;0.1
440000;143;0.1
440000;149;0.1
440000;127;0.1
440000;133;0.1
440000;123;0.1
440000;137;0.1
440000;112;0.1
440000;115;0.1
440000;120;0.1
440000;124;0.1
440000;139;0.1
440000;123;0.1
440000;118;0.1
440000;118;0.1
440000;128;0.1
440000;134;0.1
440000;131;0.1
440000;119;0.1
440000;124;0.1
440000;131;0.1
440000;122;0.1
440000;121;0.1
440000;136;0.1
440000;145;0.1
440000;136;0.1
440000;123;0.1
440000;135;0.1
440000;147;0.1
440000;125;0.1
440000;159;0.1
440000;134;0.1
440000;125;0.1
440000;124;0.1
440000;128;0.1
440000;119;0.1
440000;113;0.1
440000;142;0.1
450000;120;0.1
450000;133;0.1
450000;123;0.1
450000;145;0.1
450000;127;0.1
450000;138;0.1
450000;119;0.1
450000;137;0.1
450000;124;0.1
450000;123;0.1
450000;120;0.1
450000;135;0.1
450000;120;0.1
450000;113;0.1
450000;126;0.1
450000;126;0.1
450000;134;0.1
450000;123;0.1
450000;119;0.1
450000;143;0.1
450000;130;0.1
450000;121;0.1
450000;143;0.1
450000;133;0.1
450000;147;0.1
450000;117;0.1
450000;134;0.1
450000;118;0.1
450000;146;0.1
450000;121;0.1
450000;115;0.1
450000;134;0.1
450000;122;0.1
450000;130;0.1
450000;155;0.1
450000;117;0.1
450000;124;0.1
450000;138;0.1
450000;146;0.1
450000;109;0.1
450000;144;0.1
450000;117;0.1
450000;133;0.1
450000;126;0.1
450000;124;0.1
450000;137;0.1
450000;126;0.1
450000;136;0.1
450000;148;0.1
450000;125;0.1
460000;120;0.1
460000;146;0.1
460000;129;0.1
460000;136;0.1
460000;123;0.1
460000;123;0.1
460000;139;0.1
460000;117;0.1
460000;149;0.1
460000;132;0.1
460000;122;0.1
460000;124;0.1
460000;115;0.1
460000;139;0.1
460000;124;0.1
460000;115;0.1
460000;155;0.1
460000;154;0.1
460000;129;0.1
460000;154;0.1
460000;116;0.1
460000;125;0.1
460000;124;0.1
460000;121;0.1
460000;117;0.1
460000;125;0.1
460000;129;0.1
460000;124;0.1
460000;134;0.1
460000;121;0.1
460000;112;0.1
460000;153;0.1
460000;127;0.1
460000;151;0.1
460000;138;0.1
460000;154;0.1
460000;131;0.1
460000;123;0.1
460000;133;0.1
460000;125;0.1
460000;116;0.1
460000;129;0.1
460000;111;0.1
460000;145;0.1
460000;127;0.1
460000;144;0.1
460000;141;0.1
460000;145;0.1
460000;125;0.1
460000;122;0.1
470000;126;0.1
470000;121;0.1
470000;125;0.1
470000;116;0.1
470000;119;0.1
470000;113;0.1
470000;117;0.1
470000;128;0.1
470000;127;0.1
470000;133;0.1
470000;123;0.1
470000;132;0.1
470000;152;0.1
470000;116;0.1
470000;132;0.1
470000;120;0.1
470000;143;0.1
470000;118;0.1
470000;124;0.1
470000;152;0.1
470000;128;0.1
470000;145;0.1
470000;149;0.1
470000;116;0.1
470000;133;0.1
470000;124;0.1
470000;123;0.1
470000;129;0.1
470000;120;0.1
470000;126;0.1
470000;128;0.1
470000;129;0.1
470000;122;0.1
470000;126;0.1
470000;123;0.1
470000;148;0.1
470000;116;0.1
470000;132;0.1
470000;127;0.1
470000;143;0.1
470000;127;0.1
470000;126;0.1
470000;138;0.1
470000;129;0.1
470000;133;0.1
470000;133;0.1
470000;128;0.1
470000;119;0.1
470000;134;0.1
470000;123;0.1
480000;137;0.1
480000;126;0.1
480000;121;0.1
480000;126;0.1
480000;116;0.1
480000;140;0.1
480000;120;0.1
480000;160;0.1
480000;115;0.1
480000;148;0.1
480000;154;0.1
480000;141;0.1
480000;131;0.1
480000;134;0.1
480000;139;0.1
480000;127;0.1
480000;123;0.1
480000;152;0.1
480000;122;0.1
480000;142;0.1
480000;173;0.1
480000;118;0.1
480000;162;0.1
480000;136;0.1
480000;124;0.1
480000;121;0.1
480000;149;0.1
480000;132;0.1
480000;137;0.1
480000;127;0.1
480000;128;0.1
480000;145;0.1
480000;135;0.1
480000;117;0.1
480000;129;0.1
480000;132;0.1
480000;130;0.1
480000;138;0.1
480000;141;0.1
480000;121;0.1
480000;120;0.1
480000;137;0.1
480000;134;0.1
480000;164;0.1
480000;117;0.1
480000;119;0.1
480000;139;0.1
480000;141;0.1
480000;125;0.1
480000;126;0.1
490000;124;0.1
490000;131;0.1
490000;147;0.1
490000;124;0.1
490000;123;0.1
490000;135;0.1
490000;116;0.1
490000;116;0.1
490000;128;0.1
490000;141;0.1
490000;129;0.1
490000;137;0.1
490000;122;0.1
490000;131;0.1
490000;118;0.1
490000;117;0.1
490000;121;0.1
490000;141;0.1
490000;142;0.1
490000;117;0.1
490000;125;0.1
490000;126;0.1
490000;166;0.1
490000;132;0.1
490000;162;0.1
490000;122;0.1
490000;123;0.1
490000;128;0.1
490000;133;0.1
490000;129;0.1
490000;117;0.1
490000;120;0.1
490000;125;0.1
490000;143;0.1
490000;118;0.1
490000;122;0.1
490000;128;0.1
490000;119;0.1
490000;121;0.1
490000;146;0.1
490000;156;0.1
490000;159;0.1
490000;160;0.1
490000;127;0.1
490000;130;0.1
490000;134;0.1
490000;128;0.1
490000;117;0.1
490000;126;0.1
490000;170;0.1
500000;149;0.1
500000;126;0.1
500000;140;0.1
500000;115;0.1
500000;153;0.1
500000;125;0.1
500000;130;0.1
500000;131;0.1
500000;135;0.1
500000;114;0.1
500000;124;0.1
500000;123;0.1
500000;154;0.1
500000;116;0.1
500000;120;0.1
500000;149;0.1
500000;144;0.1
500000;158;0.1
500000;131;0.1
500000;116;0.1
500000;126;0.1
500000;130;0.1
500000;142;0.1
500000;131;0.1
500000;139;0.1
500000;134;0.1
500000;138;0.1
500000;123;0.1
500000;115;0.1
500000;135;0.1
500000;114;0.1
500000;138;0.1
500000;123;0.1
500000;133;0.1
500000;135;0.1
500000;133;0.1
500000;116;0.1
500000;164;0.1
500000;145;0.1
500000;117;0.1
500000;126;0.1
500000;113;0.1
500000;127;0.1
500000;115;0.1
500000;118;0.1
500000;132;0.1
500000;136;0.1
500000;126;0.1
500000;141;0.1
500000;141;0.1
510000;137;0.1
510000;151;0.1
510000;108;0.1
510000;137;0.1
510000;126;0.1
510000;188;0.1
510000;139;0.1
510000;134;0.1
510000;144;0.1
510000;124;0.1
510000;139;0.1
510000;113;0.1
510000;145;0.1
510000;153;0.1
510000;154;0.1
510000;139;0.1
510000;131;0.1
510000;149;0.1
510000;118;0.1
510000;149;0.1
510000;132;0.1
510000;120;0.1
510000;135;0.1
510000;125;0.1
510000;136;0.1
510000;119;0.1
510000;125;0.1
510000;140;0.1
510000;130;0.1
510000;142;0.1
510000;114;0.1
510000;129;0.1
510000;123;0.1
510000;119;0.1
510000;138;0.1
510000;147;0.1
510000;118;0.1
510000;163;0.1
510000;121;0.1
510000;148;0.1
510000;125;0.1
510000;133;0.1
510000;126;0.1
510000;142;0.1
510000;121;0.1
510000;128;0.1
510000;133;0.1
510000;131;0.1
510000;117;0.1
510000;121;0.1
520000;115;0.1
520000;137;0.1
520000;121;0.1
520000;151;0.1
520000;127;0.1
520000;126;0.1
520000;149;0.1
520000;146;0.1
520000;139;0.1
520000;134;0.1
520000;138;0.1
520000;131;0.1
520000;141;0.1
520000;122;0.1
520000;132;0.1
520000;124;0.1
520000;121;0.1
520000;128;0.1
520000;135;0.1
520000;126;0.1
520000;130;0.1
520000;151;0.1
520000;133;0.1
520000;127;0.1
520000;130;0.1
520000;130;0.1
520000;139;0.1
520000;109;0.1
520000;138;0.1
520000;134;0.1
520000;138;0.1
520000;144;0.1
520000;115;0.1
520000;137;0.1
520000;120;0.1
520000;144;0.1
520000;135;0.1
520000;123;0.1
520000;135;0.1
520000;110;0.1
520000;146;0.1
520000;137;0.1
520000;131;0.1
520000;128;0.1
520000;120;0.1
520000;127;0.1
520000;160;0.1
520000;123;0.1
520000;135;0.1
520000;132;0.1
530000;114;0.1
530000;136;0.1
530000;137;0.1
530000;123;0.1
530000;167;0.1
530000;127;0.1
530000;117;0.1
530000;124;0.1
530000;126;0.1
530000;119;0.1
530000;146;0.1
530000;125;0.1
530000;116;0.1
530000;122;0.1
530000;130;0.1
530000;130;0.1
530000;125;0.1
530000;131;0.1
530000;121;0.1
530000;135;0.1
530000;158;0.1
530000;131;0.1
530000;144;0.1
530000;120;0.1
530000;132;0.1
530000;113;0.1
530000;115;0.1
530000;123;0.1
530000;131;0.1
530000;135;0.1
530000;128;0.1
530000;120;0.1
530000;144;0.1
530000;130;0.1
530000;128;0.1
530000;125;0.1
530000;122;0.1
530000;128;0.1
530000;136;0.1
530000;131;0.1
530000;119;0.1
530000;121;0.1
530000;111;0.1
530000;123;0.1
530000;125;0.1
530000;120;0.1
530000;151;0.1
530000;117;0.1
530000;126;0.1
530000;132;0.1
540000;134;0.1
540000;163;0.1
540000;140;0.1
540000;131;0.1
540000;167;0.1
540000;119;0.1
540000;129;0.1
540000;139;0.1
540000;151;0.1
540000;121;0.1
540000;131;0.1
540000;148;0.1
540000;128;0.1
540000;137;0.1
540000;128;0.1
540000;120;0.1
540000;121;0.1
540000;117;0.1
540000;127;0.1
540000;151;0.1
540000;132;0.1
540000;123;0.1
540000;158;0.1
540000;133;0.1
540000;132;0.1
540000;131;0.1
540000;119;0.1
540000;150;0.1
540000;136;0.1
540000;161;0.1
540000;119;0.1
540000;132;0.1
540000;129;0.1
540000;148;0.1
540000;119;0.1
540000;118;0.1
540000;167;0.1
540000;128;0.1
540000;123;0.1
540000;132;0.1
540000;123;0.1
540000;136;0.1
540000;118;0.1
540000;155;0.1
540000;126;0.1
540000;155;0.1
540000;132;0.1
540000;116;0.1
540000;119;0.1
540000;131;0.1
550000;122;0.1
550000;139;0.1
550000;159;0.1
550000;133;0.1
550000;134;0.1
550000;111;0.1
550000;127;0.1
550000;144;0.1
550000;124;0.1
550000;140;0.1
550000;128;0.1
550000;141;0.1
550000;137;0.1
550000;143;0.1
550000;130;0.1
550000;124;0.1
550000;133;0.1
550000;124;0.1
550000;135;0.1
550000;121;0.1
550000;135;0.1
550000;120;0.1
550000;123;0.1
550000;117;0.1
550000;138;0.1
550000;139;0.1
550000;126;0.1
550000;149;0.1
550000;150;0.1
550000;138;0.1
550000;151;0.1
550000;120;0.1
550000;129;0.1
550000;117;0.1
550000;130;0.1
550000;140;0.1
550000;145;0.1
550000;120;0.1
550000;139;0.1
550000;124;0.1
550000;142;0.1
550000;121;0.1
550000;147;0.1
550000;129;0.1
550000;132;0.1
550000;143;0.1
550000;127;0.1
550000;141;0.1
550000;129;0.1
550000;135;0.1
560000;133;0.1
560000;116;0.1
560000;125;0.1
560000;142;0.1
560000;149;0.1
560000;140;0.1
560000;126;0.1
560000;125;0.1
560000;133;0.1
560000;128;0.1
560000;130;0.1
560000;140;0.1
560000;120;0.1
560000;123;0.1
560000;121;0.1
560000;128;0.1
560000;135;0.1
560000;161;0.1
560000;134;0.1
560000;129;0.1
560000;130;0.1
560000;133;0.1
560000;138;0.1
560000;137;0.1
560000;128;0.1
560000;122;0.1
560000;139;0.1
560000;137;0.1
560000;123;0.1
560000;125;0.1
560000;118;0.1
560000;124;0.1
560000;120;0.1
560000;127;0.1
560000;185;0.1
560000;157;0.1
560000;132;0.1
560000;129;0.1
560000;137;0.1
560000;133;0.1
560000;124;0.1
560000;112;0.1
560000;120;0.1
560000;145;0.1
560000;148;0.1
560000;131;0.1
560000;138;0.1
560000;123;0.1
560000;140;0.1
560000;126;0.1
570000;139;0.1
570000;140;0.1
570000;131;0.1
570000;124;0.1
570000;129;0.1
570000;136;0.1
570000;111;0.1
570000;137;0.1
570000;125;0.1
570000;139;0.1
570000;152;0.1
570000;134;0.1
570000;147;0.1
570000;137;0.1
570000;139;0.1
570000;141;0.1
570000;120;0.1
570000;147;0.1
570000;127;0.1
570000;134;0.1
570000;118;0.1
570000;130;0.1
570000;118;0.1
570000;136;0.1
570000;167;0.1
570000;118;0.1
570000;127;0.1
570000;116;0.1
570000;118;0.1
570000;135;0.1
570000;126;0.1
570000;131;0.1
570000;126;0.1
570000;116;0.1
570000;131;0.1
570000;151;0.1
570000;144;0.1
570000;121;0.1
570000;157;0.1
570000;144;0.1
570000;150;0.1
570000;135;0.1
570000;136;0.1
570000;126;0.1
570000;134;0.1
570000;122;0.1
570000;148;0.1
570000;134;0.1
570000;132;0.1
570000;123;0.1
580000;128;0.1
580000;124;0.1
580000;147;0.1
580000;136;0.1
580000;123;0.1
580000;134;0.1
580000;141;0.1
580000;139;0.1
580000;123;0.1
580000;143;0.1
580000;142;0.1
580000;119;0.1
580000;148;0.1
580000;136;0.1
580000;135;0.1
580000;129;0.1
580000;134;0.1
580000;128;0.1
580000;136;0.1
580000;126;0.1
580000;132;0.1
580000;124;0.1
580000;121;0.1
580000;140;0.1
580000;126;0.1
580000;129;0.1
580000;135;0.1
580000;131;0.1
580000;130;0.1
580000;139;0.1
580000;132;0.1
580000;170;0.1
580000;133;0.1
580000;125;0.1
580000;121;0.1
580000;141;0.1
580000;141;0.1
580000;142;0.1
580000;128;0.1
580000;120;0.1
580000;146;0.1
580000;119;0.1
580000;127;0.1
580000;129;0.1
580000;129;0.1
580000;148;0.1
580000;136;0.1
580000;124;0.1
580000;160;0.1
580000;152;0.1
590000;134;0.1
590000;130;0.1
590000;123;0.1
590000;122;0.1
590000;110;0.1
590000;127;0.1
590000;149;0.1
590000;138;0.1
590000;134;0.1
590000;125;0.1
590000;135;0.1
590000;113;0.1
590000;132;0.1
590000;121;0.1
590000;143;0.1
590000;131;0.1
590000;173;0.1
590000;129;0.1
590000;131;0.1
590000;122;0.1
590000;140;0.1
590000;141;0.1
590000;122;0.1
590000;125;0.1
590000;129;0.1
590000;137;0.1
590000;130;0.1
590000;127;0.1
590000;121;0.1
590000;135;0.1
590000;130;0.1
590000;146;0.1
590000;138;0.1
590000;142;0.1
590000;137;0.1
590000;140;0.1
590000;130;0.1
590000;120;0.1
590000;135;0.1
590000;133;0.1
590000;132;0.1
590000;145;0.1
590000;134;0.1
590000;154;0.1
590000;133;0.1
590000;148;0.1
590000;145;0.1
590000;155;0.1
590000;131;0.1
590000;137;0.1
600000;118;0.1
600000;128;0.1
600000;127;0.1
600000;122;0.1
600000;177;0.1
600000;129;0.1
600000;130;0.1
600000;140;0.1
600000;143;0.1
600000;140;0.1
600000;120;0.1
600000;120;0.1
600000;121;0.1
600000;126;0.1
600000;132;0.1
600000;124;0.1
600000;142;0.1
600000;125;0.1
600000;124;0.1
600000;129;0.1
600000;131;0.1
600000;184;0.1
600000;135;0.1
600000;122;0.1
600000;128;0.1
600000;122;0.1
600000;142;0.1
600000;125;0.1
600000;120;0.1
600000;119;0.1
600000;125;0.1
600000;158;0.1
600000;124;0.1
600000;126;0.1
600000;132;0.1
600000;137;0.1
600000;132;0.1
600000;140;0.1
600000;125;0.1
600000;129;0.1
600000;126;0.1
600000;122;0.1
600000;129;0.1
600000;139;0.1
600000;132;0.1
600000;130;0.1
600000;131;0.1
600000;133;0.1
600000;137;0.1
600000;140;0.1
610000;137;0.1
610000;111;0.1
610000;121;0.1
610000;131;0.1
610000;125;0.1
610000;160;0.1
610000;120;0.1
610000;114;0.1
610000;123;0.1
610000;146;0.1
610000;160;0.1
610000;125;0.1
610000;122;0.1
610000;124;0.1
610000;129;0.1
610000;118;0.1
610000;126;0.1
610000;128;0.1
610000;125;0.1
610000;136;0.1
610000;134;0.1
610000;157;0.1
610000;148;0.1
610000;117;0.1
610000;126;0.1
610000;179;0.1
610000;122;0.1
610000;130;0.1
610000;137;0.1
610000;131;0.1
610000;132;0.1
610000;144;0.1
610000;121;0.1
610000;137;0.1
610000;151;0.1
610000;145;0.1
610000;134;0.1
610000;124;0.1
610000;130;0.1
610000;119;0.1
610000;114;0.1
610000;133;0.1
610000;137;0.1
610000;175;0.1
610000;152;0.1
610000;137;0.1
610000;143;0.1
610000;128;0.1
610000;122;0.1
610000;135;0.1
620000;127;0.1
620000;120;0.1
620000;126;0.1
620000;219;0.1
620000;150;0.1
620000;131;0.1
620000;111;0.1
620000;146;0.1
620000;144;0.1
620000;114;0.1
620000;142;0.1
620000;127;0.1
620000;155;0.1
620000;136;0.1
620000;136;0.1
620000;120;0.1
620000;129;0.1
620000;125;0.1
620000;153;0.1
620000;147;0.1
620000;128;0.1
620000;132;0.1
620000;139;0.1
620000;132;0.1
620000;152;0.1
620000;117;0.1
620000;116;0.1
620000;144;0.1
620000;126;0.1
620000;130;0.1
620000;125;0.1
620000;161;0.1
620000;132;0.1
620000;116;0.1
620000;157;0.1
620000;133;0.1
620000;127;0.1
620000;120;0.1
620000;127;0.1
620000;132;0.1
620000;139;0.1
620000;119;0.1
620000;143;0.1
620000;130;0.1
620000;126;0.1
620000;148;0.1
620000;144;0.1
620000;120;0.1
620000;145;0.1
620000;134;0.1
630000;123;0.1
630000;123;0.1
630000;128;0.1
630000;133;0.1
630000;141;0.1
630000;133;0.1
630000;138;0.1
630000;122;0.1
630000;138;0.1
630000;135;0.1
630000;131;0.1
630000;138;0.1
630000;155;0.1
630000;136;0.1
630000;129;0.1
630000;133;0.1
630000;144;0.1
630000;150;0.1
630000;119;0.1
630000;156;0.1
630000;128;0.1
630000;145;0.1
630000;152;0.1
630000;138;0.1
630000;116;0.1
630000;151;0.1
630000;144;0.1
630000;129;0.1
630000;127;0.1
630000;137;0.1
630000;121;0.1
630000;126;0.1
630000;135;0.1
630000;131;0.1
630000;182;0.1
630000;133;0.1
630000;155;0.1
630000;121;0.1
630000;138;0.1
630000;128;0.1
630000;158;0.1
630000;137;0.1
630000;138;0.1
630000;137;0.1
630000;120;0.1
630000;164;0.1
630000;147;0.1
630000;127;0.1
630000;136;0.1
630000;132;0.1
640000;123;0.1
640000;127;0.1
640000;144;0.1
640000;123;0.1
640000;144;0.1
640000;133;0.1
640000;152;0.1
640000;114;0.1
640000;125;0.1
640000;124;0.1
640000;132;0.1
640000;130;0.1
640000;131;0.1
640000;129;0.1
640000;141;0.1
640000;129;0.1
640000;123;0.1
640000;121;0.1
640000;134;0.1
640000;141;0.1
640000;129;0.1
640000;139;0.1
640000;133;0.1
640000;156;0.1
640000;145;0.1
640000;150;0.1
640000;152;0.1
640000;168;0.1
640000;137;0.1
640000;127;0.1
640000;135;0.1
640000;123;0.1
640000;139;0.1
640000;124;0.1
640000;125;0.1
640000;120;0.1
640000;136;0.1
640000;121;0.1
640000;138;0.1
640000;120;0.1
640000;119;0.1
640000;121;0.1
640000;157;0.1
640000;125;0.1
640000;127;0.1
640000;150;0.1
640000;147;0.1
640000;135;0.1
640000;161;0.1
640000;124;0.1
650000;132;0.1
650000;134;0.1
650000;138;0.1
650000;133;0.1
650000;130;0.1
650000;124;0.1
650000;134;0.1
650000;125;0.1
650000;126;0.1
650000;132;0.1
650000;134;0.1
650000;117;0.1
650000;188;0.1
650000;125;0.1
650000;140;0.1
650000;125;0.1
650000;149;0.1
650000;143;0.1
650000;125;0.1
650000;139;0.1
650000;121;0.1
650000;121;0.1
650000;149;0.1
650000;127;0.1
650000;132;0.1
650000;140;0.1
650000;143;0.1
650000;137;0.1
650000;116;0.1
650000;120;0.1
650000;129;0.1
650000;143;0.1
650000;120;0.1
650000;120;0.1
650000;130;0.1
650000;112;0.1
650000;139;0.1
650000;130;0.1
650000;118;0.1
650000;139;0.1
650000;138;0.1
650000;127;0.1
650000;136;0.1
650000;131;0.1
650000;149;0.1
650000;121;0.1
650000;127;0.1
650000;118;0.1
650000;123;0.1
650000;136;0.1
660000;126;0.1
660000;152;0.1
660000;141;0.1
660000;139;0.1
660000;123;0.1
660000;142;0.1
660000;145;0.1
660000;129;0.1
660000;125;0.1
660000;138;0.1
660000;139;0.1
660000;162;0.1
660000;126;0.1
660000;134;0.1
660000;129;0.1
660000;149;0.1
660000;152;0.1
660000;128;0.1
660000;122;0.1
660000;124;0.1
660000;142;0.1
660000;148;0.1
660000;135;0.1
660000;133;0.1
660000;132;0.1
660000;136;0.1
660000;141;0.1
660000;144;0.1
660000;129;0.1
660000;137;0.1
660000;151;0.1
660000;134;0.1
660000;128;0.1
660000;132;0.1
660000;123;0.1
660000;126;0.1
660000;133;0.1
660000;156;0.1
660000;120;0.1
660000;124;0.1
660000;138;0.1
660000;130;0.1
660000;127;0.1
660000;123;0.1
660000;114;0.1
660000;135;0.1
660000;143;0.1
660000;129;0.1
660000;142;0.1
660000;125;0.1
670000;128;0.1
670000;126;0.1
670000;110;0.1
670000;140;0.1
670000;126;0.1
670000;139;0.1
670000;123;0.1
670000;118;0.1
670000;145;0.1
670000;126;0.1
670000;128;0.1
670000;147;0.1
670000;152;0.1
670000;125;0.1
670000;135;0.1
670000;148;0.1
670000;130;0.1
670000;154;0.1
670000;132;0.1
670000;141;0.1
670000;174;0.1
670000;130;0.1
670000;124;0.1
670000;132;0.1
670000;163;0.1
670000;150;0.1
670000;132;0.1
670000;153;0.1
670000;159;0.1
670000;123;0.1
670000;158;0.1
670000;152;0.1
670000;130;0.1
670000;135;0.1
670000;121;0.1
670000;144;0.1
670000;137;0.1
670000;132;0.1
670000;130;0.1
670000;167;0.1
670000;141;0.1
670000;191;0.1
670000;127;0.1
670000;141;0.1
670000;139;0.1
670000;137;0.1
670000;118;0.1
670000;154;0.1
670000;128;0.1
670000;140;0.1
680000;141;0.1
680000;121;0.1
680000;123;0.1
680000;140;0.1
680000;139;0.1
680000;132;0.1
680000;132;0.1
680000;152;0.1
680000;121;0.1
680000;133;0.1
680000;124;0.1
680000;130;0.1
680000;145;0.1
680000;121;0.1
680000;134;0.1
680000;125;0.1
680000;142;0.1
680000;150;0.1
680000;124;0.1
680000;144;0.1
680000;141;0.1
680000;154;0.1
680000;136;0.1
680000;134;0.1
680000;130;0.1
680000;123;0.1
680000;129;0.1
680000;123;0.1
680000;135;0.1
680000;123;0.1
680000;132;0.1
680000;140;0.1
680000;138;0.1
680000;127;0.1
680000;126;0.1
680000;136;0.1
680000;174;0.1
680000;187;0.1
680000;125;0.1
680000;146;0.1
680000;135;0.1
680000;139;0.1
680000;135;0.1
680000;167;0.1
680000;138;0.1
680000;133;0.1
680000;117;0.1
680000;127;0.1
680000;138;0.1
680000;127;0.1
690000;152;0.1
690000;126;0.1
690000;123;0.1
690000;121;0.1
690000;133;0.1
690000;127;0.1
690000;129;0.1
690000;131;0.1
690000;136;0.1
690000;147;0.1
690000;175;0.1
690000;123;0.1
690000;125;0.1
690000;149;0.1
690000;127;0.1
690000;160;0.1
690000;143;0.1
690000;137;0.1
690000;134;0.1
690000;125;0.1
690000;154;0.1
690000;151;0.1
690000;142;0.1
690000;141;0.1
690000;121;0.1
690000;130;0.1
690000;124;0.1
690000;131;0.1
690000;141;0.1
690000;138;0.1
690000;119;0.1
690000;121;0.1
690000;126;0.1
690000;123;0.1
690000;176;0.1
690000;122;0.1
690000;155;0.1
690000;150;0.1
690000;155;0.1
690000;116;0.1
690000;138;0.1
690000;140;0.1
690000;133;0.1
690000;136;0.1
690000;144;0.1
690000;156;0.1
690000;134;0.1
690000;135;0.1
690000;134;0.1
690000;121;0.1
700000;135;0.1
700000;133;0.1
700000;120;0.1
700000;128;0.1
700000;121;0.1
700000;131;0.1
700000;144;0.1
700000;125;0.1
700000;133;0.1
700000;139;0.1
700000;168;0.1
700000;162;0.1
700000;130;0.1
700000;140;0.1
700000;143;0.1
700000;140;0.1
700000;126;0.1
700000;119;0.1
700000;142;0.1
700000;149;0.1
700000;131;0.1
700000;138;0.1
700000;144;0.1
700000;133;0.1
700000;127;0.1
700000;130;0.1
700000;127;0.1
700000;131;0.1
700000;131;0.1
700000;131;0.1
700000;135;0.1
700000;126;0.1
700000;125;0.1
700000;146;0.1
700000;129;0.1
700000;163;0.1
700000;154;0.1
700000;138;0.1
700000;124;0.1
700000;142;0.1
700000;124;0.1
700000;142;0.1
700000;132;0.1
700000;128;0.1
700000;171;0.1
700000;143;0.1
700000;129;0.1
700000;118;0.1
700000;127;0.1
700000;141;0.1
710000;127;0.1
710000;137;0.1
710000;157;0.1
710000;134;0.1
710000;132;0.1
710000;135;0.1
710000;126;0.1
710000;138;0.1
710000;157;0.1
710000;126;0.1
710000;127;0.1
710000;148;0.1
710000;132;0.1
710000;136;0.1
710000;138;0.1
710000;141;0.1
710000;178;0.1
710000;137;0.1
710000;165;0.1
710000;126;0.1
710000;134;0.1
710000;132;0.1
710000;135;0.1
710000;133;0.1
710000;148;0.1
710000;154;0.1
710000;131;0.1
710000;150;0.1
710000;169;0.1
710000;136;0.1
710000;142;0.1
710000;122;0.1
710000;129;0.1
710000;128;0.1
710000;129;0.1
710000;127;0.1
710000;151;0.1
710000;139;0.1
710000;136;0.1
710000;125;0.1
710000;118;0.1
710000;126;0.1
710000;139;0.1
710000;148;0.1
710000;111;0.1
710000;124;0.1
710000;136;0.1
710000;128;0.1
710000;133;0.1
710000;128;0.1
720000;123;0.1
720000;126;0.1
720000;113;0.1
720000;129;0.1
720000;133;0.1
720000;152;0.1
720000;123;0.1
720000;144;0.1
720000;149;0.1
720000;120;0.1
720000;141;0.1
720000;123;0.1
720000;135;0.1
720000;120;0.1
720000;138;0.1
720000;112;0.1
720000;135;0.1
720000;123;0.1
720000;115;0.1
720000;158;0.1
720000;138;0.1
720000;148;0.1
720000;143;0.1
720000;118;0.1
720000;139;0.1
720000;148;0.1
720000;126;0.1
720000;122;0.1
720000;141;0.1
720000;118;0.1
720000;137;0.1
720000;135;0.1
720000;120;0.1
720000;134;0.1
720000;134;0.1
720000;130;0.1
720000;135;0.1
720000;143;0.1
720000;140;0.1
720000;137;0.1
720000;129;0.1
720000;134;0.1
720000;126;0.1
720000;121;0.1
720000;144;0.1
720000;142;0.1
720000;126;0.1
720000;121;0.1
720000;165;0.1
720000;152;0.1
730000;149;0.1
730000;142;0.1
730000;141;0.1
730000;158;0.1
730000;143;0.1
730000;140;0.1
730000;128;0.1
730000;135;0.1
730000;123;0.1
730000;170;0.1
730000;123;0.1
730000;120;0.1
730000;135;0.1
730000;142;0.1
730000;155;0.1
730000;160;0.1
730000;119;0.1
730000;122;0.1
730000;134;0.1
730000;159;0.1
730000;117;0.1
730000;123;0.1
730000;126;0.1
730000;130;0.1
730000;156;0.1
730000;120;0.1
730000;131;0.1
730000;140;0.1
730000;119;0.1
730000;117;0.1
730000;131;0.1
730000;124;0.1
730000;137;0.1
730000;129;0.1
730000;130;0.1
730000;129;0.1
730000;131;0.1
730000;138;0.1
730000;142;0.1
730000;125;0.1
730000;133;0.1
730000;124;0.1
730000;143;0.1
730000;117;0.1
730000;133;0.1
730000;124;0.1
730000;122;0.1
730000;133;0.1
730000;135;0.1
730000;126;0.1
740000;142;0.1
740000;130;0.1
740000;158;0.1
740000;140;0.1
740000;120;0.1
740000;129;0.1
740000;153;0.1
740000;118;0.1
740000;123;0.1
740000;137;0.1
740000;122;0.1
740000;164;0.1
740000;122;0.1
740000;129;0.1
740000;130;0.1
740000;128;0.1
740000;169;0.1
740000;120;0.1
740000;137;0.1
740000;127;0.1
740000;120;0.1
740000;129;0.1
740000;135;0.1
740000;154;0.1
740000;140;0.1
740000;129;0.1
740000;128;0.1
740000;134;0.1
740000;151;0.1
740000;146;0.1
740000;163;0.1
740000;150;0.1
740000;131;0.1
740000;145;0.1
740000;145;0.1
740000;140;0.1
740000;127;0.1
740000;131;0.1
740000;120;0.1
740000;126;0.1
740000;132;0.1
740000;141;0.1
740000;136;0.1
740000;135;0.1
740000;147;0.1
740000;132;0.1
740000;130;0.1
740000;143;0.1
740000;133;0.1
740000;146;0.1
750000;117;0.1
750000;118;0.1
750000;133;0.1
750000;113;0.1
750000;124;0.1
750000;137;0.1
750000;135;0.1
750000;149;0.1
750000;125;0.1
750000;135;0.1
750000;130;0.1
750000;147;0.1
750000;133;0.1
750000;129;0.1
750000;131;0.1
750000;140;0.1
750000;120;0.1
750000;153;0.1
750000;124;0.1
750000;141;0.1
750000;125;0.1
750000;158;0.1
750000;159;0.1
750000;146;0.1
750000;124;0.1
750000;128;0.1
750000;118;0.1
750000;126;0.1
750000;130;0.1
750000;125;0.1
750000;140;0.1
750000;125;0.1
750000;121;0.1
750000;148;0.1
750000;123;0.1
750000;138;0.1
750000;144;0.1
750000;143;0.1
750000;130;0.1
750000;150;0.1
750000;151;0.1
750000;148;0.1
750000;142;0.1
750000;129;0.1
750000;155;0.1
750000;131;0.1
750000;146;0.1
750000;126;0.1
750000;137;0.1
750000;127;0.1
760000;126;0.1
760000;131;0.1
760000;140;0.1
760000;126;0.1
760000;145;0.1
760000;133;0.1
760000;149;0.1
760000;153;0.1
760000;150;0.1
760000;128;0.1
760000;144;0.1
760000;125;0.1
760000;135;0.1
760000;145;0.1
760000;123;0.1
760000;117;0.1
760000;124;0.1
760000;132;0.1
760000;112;0.1
760000;133;0.1
760000;132;0.1
760000;167;0.1
760000;128;0.1
760000;140;0.1
760000;123;0.1
760000;134;0.1
760000;143;0.1
760000;126;0.1
760000;166;0.1
760000;157;0.1
760000;131;0.1
760000;148;0.1
760000;128;0.1
760000;134;0.1
760000;143;0.1
760000;119;0.1
760000;131;0.1
760000;136;0.1
760000;135;0.1
760000;124;0.1
760000;126;0.1
760000;131;0.1
760000;137;0.1
760000;129;0.1
760000;129;0.1
760000;129;0.1
760000;137;0.1
760000;137;0.1
760000;173;0.1
760000;134;0.1
770000;130;0.1
770000;136;0.1
770000;142;0.1
770000;134;0.1
770000;142;0.1
770000;126;0.1
770000;128;0.1
770000;138;0.1
770000;149;0.1
770000;133;0.1
770000;123;0.1
770000;137;0.1
770000;143;0.1
770000;147;0.1
770000;144;0.1
770000;141;0.1
770000;131;0.1
770000;188;0.1
770000;129;0.1
770000;133;0.1
770000;142;0.1
770000;137;0.1
770000;151;0.1
770000;142;0.1
770000;128;0.1
770000;131;0.1
770000;129;0.1
770000;139;0.1
770000;147;0.1
770000;140;0.1
770000;129;0.1
770000;127;0.1
770000;138;0.1
770000;124;0.1
770000;123;0.1
770000;131;0.1
770000;127;0.1
770000;123;0.1
770000;125;0.1
770000;137;0.1
770000;145;0.1
770000;127;0.1
770000;146;0.1
770000;149;0.1
770000;127;0.1
770000;131;0.1
770000;125;0.1
770000;139;0.1
770000;124;0.1
770000;134;0.1
780000;145;0.1
780000;129;0.1
780000;127;0.1
780000;131;0.1
780000;119;0.1
780000;183;0.1
780000;152;0.1
780000;129;0.1
780000;127;0.1
780000;124;0.1
780000;146;0.1
780000;160;0.1
780000;135;0.1
780000;131;0.1
780000;121;0.1
780000;126;0.1
780000;129;0.1
780000;130;0.1
780000;123;0.1
780000;129;0.1
780000;119;0.1
780000;126;0.1
780000;134;0.1
780000;123;0.1
780000;118;0.1
780000;142;0.1
780000;130;0.1
780000;145;0.1
780000;152;0.1
780000;134;0.1
780000;123;0.1
780000;146;0.1
780000;129;0.1
780000;141;0.1
780000;145;0.1
780000;115;0.1
780000;137;0.1
780000;135;0.1
780000;152;0.1
780000;126;0.1
780000;139;0.1
780000;137;0.1
780000;125;0.1
780000;139;0.1
780000;125;0.1
780000;127;0.1
780000;127;0.1
780000;126;0.1
780000;142;0.1
780000;132;0.1
790000;139;0.1
790000;161;0.1
790000;143;0.1
790000;131;0.1
790000;128;0.1
790000;153;0.1
790000;125;0.1
790000;134;0.1
790000;148;0.1
790000;150;0.1
790000;131;0.1
790000;140;0.1
790000;136;0.1
790000;144;0.1
790000;129;0.1
790000;135;0.1
790000;124;0.1
790000;136;0.1
790000;130;0.1
790000;130;0.1
790000;132;0.1
790000;150;0.1
790000;150;0.1
790000;129;0.1
790000;130;0.1
790000;114;0.1
790000;181;0.1
790000;123;0.1
790000;147;0.1
790000;129;0.1
790000;153;0.1
790000;138;0.1
790000;135;0.1
790000;145;0.1
790000;138;0.1
790000;123;0.1
790000;130;0.1
790000;136;0.1
790000;136;0.1
790000;136;0.1
790000;148;0.1
790000;134;0.1
790000;125;0.1
790000;123;0.1
790000;143;0.1
790000;140;0.1
790000;124;0.1
790000;134;0.1
790000;130;0.1
790000;130;0.1
800000;121;0.1
800000;158;0.1
800000;133;0.1
800000;138;0.1
800000;121;0.1
800000;138;0.1
800000;126;0.1
800000;157;0.1
800000;134;0.1
800000;131;0.1
800000;132;0.1
800000;126;0.1
800000;136;0.1
800000;146;0.1
800000;129;0.1
800000;121;0.1
800000;131;0.1
800000;131;0.1
800000;134;0.1
800000;137;0.1
800000;130;0.1
800000;143;0.1
800000;130;0.1
800000;128;0.1
800000;131;0.1
800000;131;0.1
800000;139;0.1
800000;126;0.1
800000;151;0.1
800000;143;0.1
800000;142;0.1
800000;120;0.1
800000;150;0.1
800000;128;0.1
800000;130;0.1
800000;148;0.1
800000;122;0.1
800000;164;0.1
800000;134;0.1
800000;133;0.1
800000;156;0.1
800000;127;0.1
800000;137;0.1
800000;134;0.1
800000;134;0.1
800000;147;0.1
800000;136;0.1
800000;137;0.1
800000;132;0.1
800000;133;0.1
810000;163;0.1
810000;140;0.1
810000;140;0.1
810000;126;0.1
810000;138;0.1
810000;148;0.1
810000;123;0.1
810000;127;0.1
810000;134;0.1
810000;146;0.1
810000;147;0.1
810000;129;0.1
810000;138;0.1
810000;138;0.1
810000;157;0.1
810000;129;0.1
810000;132;0.1
810000;167;0.1
810000;169;0.1
810000;144;0.1
810000;126;0.1
810000;134;0.1
810000;120;0.1
810000;143;0.1
810000;145;0.1
810000;127;0.1
810000;144;0.1
810000;120;0.1
810000;136;0.1
810000;134;0.1
810000;122;0.1
810000;147;0.1
810000;136;0.1
810000;133;0.1
810000;129;0.1
810000;125;0.1
810000;131;0.1
810000;168;0.1
810000;138;0.1
810000;124;0.1
810000;125;0.1
810000;131;0.1
810000;131;0.1
810000;142;0.1
810000;143;0.1
810000;136;0.1
810000;123;0.1
810000;132;0.1
810000;142;0.1
810000;118;0.1
820000;123;0.1
820000;134;0.1
820000;116;0.1
820000;127;0.1
820000;132;0.1
820000;166;0.1
820000;131;0.1
820000;148;0.1
820000;125;0.1
820000;134;0.1
820000;125;0.1
820000;134;0.1
820000;140;0.1
820000;153;0.1
820000;129;0.1
820000;125;0.1
820000;153;0.1
820000;124;0.1
820000;133;0.1
820000;137;0.1
820000;160;0.1
820000;120;0.1
820000;157;0.1
820000;134;0.1
820000;142;0.1
820000;130;0.1
820000;126;0.1
820000;147;0.1
820000;142;0.1
820000;126;0.1
820000;122;0.1
820000;125;0.1
820000;138;0.1
820000;140;0.1
820000;138;0.1
820000;156;0.1
820000;126;0.1
820000;155;0.1
820000;130;0.1
820000;162;0.1
820000;140;0.1
820000;133;0.1
820000;135;0.1
820000;137;0.1
820000;149;0.1
820000;150;0.1
820000;173;0.1
820000;119;0.1
820000;157;0.1
820000;157;0.1
830000;116;0.1
830000;130;0.1
830000;138;0.1
830000;169;0.1
830000;136;0.1
830000;129;0.1
830000;150;0.1
830000;133;0.1
830000;140;0.1
830000;155;0.1
830000;130;0.1
830000;156;0.1
830000;130;0.1
830000;127;0.1
830000;138;0.1
830000;129;0.1
830000;120;0.1
830000;149;0.1
830000;134;0.1
830000;142;0.1
830000;139;0.1
830000;119;0.1
830000;127;0.1
830000;119;0.1
830000;135;0.1
830000;126;0.1
830000;138;0.1
830000;135;0.1
830000;153;0.1
830000;141;0.1
830000;132;0.1
830000;140;0.1
830000;132;0.1
830000;123;0.1
830000;125;0.1
830000;139;0.1
830000;129;0.1
830000;162;0.1
830000;139;0.1
830000;128;0.1
830000;132;0.1
830000;145;0.1
830000;124;0.1
830000;147;0.1
830000;117;0.1
830000;135;0.1
830000;127;0.1
830000;129;0.1
830000;126;0.1
830000;156;0.1
840000;143;0.1
840000;123;0.1
840000;151;0.1
840000;141;0.1
840000;133;0.1
840000;130;0.1
840000;129;0.1
840000;161;0.1
840000;141;0.1
840000;128;0.1
840000;139;0.1
840000;134;0.1
840000;138;0.1
840000;128;0.1
840000;125;0.1
840000;157;0.1
840000;121;0.1
840000;136;0.1
840000;125;0.1
840000;132;0.1
840000;133;0.1
840000;139;0.1
840000;135;0.1
840000;131;0.1
840000;125;0.1
840000;191;0.1
840000;143;0.1
840000;149;0.1
840000;141;0.1
840000;136;0.1
840000;140;0.1
840000;130;0.1
840000;123;0.1
840000;127;0.1
840000;140;0.1
840000;135;0.1
840000;126;0.1
840000;128;0.1
840000;134;0.1
840000;163;0.1
840000;146;0.1
840000;134;0.1
840000;164;0.1
840000;134;0.1
840000;130;0.1
840000;148;0.1
840000;152;0.1
840000;138;0.1
840000;156;0.1
840000;124;0.1
850000;127;0.1
850000;135;0.1
850000;130;0.1
850000;136;0.1
850000;138;0.1
850000;128;0.1
850000;140;0.1
850000;125;0.1
850000;125;0.1
850000;127;0.1
850000;125;0.1
850000;143;0.1
850000;141;0.1
850000;131;0.1
850000;129;0.1
850000;136;0.1
850000;148;0.1
850000;148;0.1
850000;131;0.1
850000;123;0.1
850000;131;0.1
850000;129;0.1
850000;150;0.1
850000;124;0.1
850000;142;0.1
850000;137;0.1
850000;132;0.1
850000;155;0.1
850000;128;0.1
850000;120;0.1
850000;132;0.1
850000;133;0.1
850000;132;0.1
850000;131;0.1
850000;155;0.1
850000;130;0.1
850000;148;0.1
850000;130;0.1
850000;139;0.1
850000;129;0.1
850000;143;0.1
850000;121;0.1
850000;130;0.1
850000;129;0.1
850000;133;0.1
850000;139;0.1
850000;150;0.1
850000;161;0.1
850000;136;0.1
850000;118;0.1
860000;124;0.1
860000;133;0.1
860000;121;0.1
860000;131;0.1
860000;137;0.1
860000;114;0.1
860000;140;0.1
860000;130;0.1
860000;120;0.1
860000;125;0.1
860000;137;0.1
860000;142;0.1
860000;140;0.1
860000;157;0.1
860000;138;0.1
860000;154;0.1
860000;169;0.1
860000;145;0.1
860000;137;0.1
860000;138;0.1
860000;147;0.1
860000;135;0.1
860000;146;0.1
860000;149;0.1
860000;158;0.1
860000;124;0.1
860000;127;0.1
860000;132;0.1
860000;134;0.1
860000;136;0.1
860000;134;0.1
860000;136;0.1
860000;122;0.1
860000;138;0.1
860000;158;0.1
860000;170;0.1
860000;132;0.1
860000;128;0.1
860000;132;0.1
860000;135;0.1
860000;119;0.1
860000;128;0.1
860000;138;0.1
860000;133;0.1
860000;154;0.1
860000;131;0.1
860000;126;0.1
860000;193;0.1
860000;131;0.1
860000;138;0.1
870000;151;0.1
870000;133;0.1
870000;129;0.1
870000;144;0.1
870000;160;0.1
870000;133;0.1
870000;168;0.1
870000;126;0.1
870000;214;0.1
870000;134;0.1
870000;121;0.1
870000;131;0.1
870000;128;0.1
870000;144;0.1
870000;126;0.1
870000;136;0.1
870000;144;0.1
870000;137;0.1
870000;133;0.1
870000;131;0.1
870000;137;0.1
870000;120;0.1
870000;157;0.1
870000;140;0.1
870000;143;0.1
870000;149;0.1
870000;157;0.1
870000;140;0.1
870000;126;0.1
870000;133;0.1
870000;144;0.1
870000;127;0.1
870000;136;0.1
870000;139;0.1
870000;134;0.1
870000;151;0.1
870000;142;0.1
870000;142;0.1
870000;156;0.1
870000;130;0.1
870000;135;0.1
870000;147;0.1
870000;126;0.1
870000;131;0.1
870000;120;0.1
870000;135;0.1
870000;122;0.1
870000;137;0.1
870000;136;0.1
870000;134;0.1
880000;139;0.1
880000;144;0.1
880000;134;0.1
880000;136;0.1
880000;141;0.1
880000;122;0.1
880000;131;0.1
880000;170;0.1
880000;141;0.1
880000;124;0.1
880000;139;0.1
880000;136;0.1
880000;145;0.1
880000;135;0.1
880000;146;0.1
880000;139;0.1
880000;152;0.1
880000;132;0.1
880000;138;0.1
880000;136;0.1
880000;131;0.1
880000;142;0.1
880000;136;0.1
880000;141;0.1
880000;146;0.1
880000;141;0.1
880000;132;0.1
880000;147;0.1
880000;142;0.1
880000;129;0.1
880000;141;0.1
880000;130;0.1
880000;162;0.1
880000;139;0.1
880000;128;0.1
880000;123;0.1
880000;151;0.1
880000;131;0.1
880000;135;0.1
880000;134;0.1
880000;133;0.1
880000;154;0.1
880000;122;0.1
880000;121;0.1
880000;125;0.1
880000;129;0.1
880000;130;0.1
880000;121;0.1
880000;132;0.1
880000;121;0.1
890000;143;0.1
890000;159;0.1
890000;153;0.1
890000;155;0.1
890000;139;0.1
890000;124;0.1
890000;139;0.1
890000;138;0.1
890000;129;0.1
890000;121;0.1
890000;127;0.1
890000;126;0.1
890000;130;0.1
890000;123;0.1
890000;147;0.1
890000;118;0.1
890000;131;0.1
890000;150;0.1
890000;144;0.1
890000;149;0.1
890000;129;0.1
890000;136;0.1
890000;140;0.1
890000;125;0.1
890000;122;0.1
890000;133;0.1
890000;135;0.1
890000;146;0.1
890000;131;0.1
890000;134;0.1
890000;169;0.1
890000;142;0.1
890000;138;0.1
890000;127;0.1
890000;142;0.1
890000;171;0.1
890000;136;0.1
890000;142;0.1
890000;141;0.1
890000;157;0.1
890000;151;0.1
890000;148;0.1
890000;128;0.1
890000;131;0.1
890000;130;0.1
890000;138;0.1
890000;136;0.1
890000;141;0.1
890000;186;0.1
890000;146;0.1
900000;138;0.1
900000;136;0.1
900000;146;0.1
900000;131;0.1
900000;122;0.1
900000;119;0.1
900000;130;0.1
900000;128;0.1
900000;145;0.1
900000;126;0.1
900000;131;0.1
900000;119;0.1
900000;126;0.1
900000;166;0.1
900000;117;0.1
900000;128;0.1
900000;148;0.1
900000;129;0.1
900000;133;0.1
900000;128;0.1
900000;124;0.1
900000;126;0.1
900000;143;0.1
900000;178;0.1
900000;151;0.1
900000;121;0.1
900000;132;0.1
900000;175;0.1
900000;138;0.1
900000;144;0.1
900000;155;0.1
900000;123;0.1
900000;141;0.1
900000;123;0.1
900000;148;0.1
900000;125;0.1
900000;129;0.1
900000;134;0.1
900000;133;0.1
900000;134;0.1
900000;147;0.1
900000;130;0.1
900000;158;0.1
900000;140;0.1
900000;123;0.1
900000;162;0.1
900000;145;0.1
900000;136;0.1
900000;141;0.1
900000;119;0.1
910000;139;0.1
910000;138;0.1
910000;128;0.1
910000;134;0.1
910000;140;0.1
910000;136;0.1
910000;122;0.1
910000;150;0.1
910000;144;0.1
910000;136;0.1
910000;148;0.1
910000;136;0.1
910000;173;0.1
910000;138;0.1
910000;136;0.1
910000;134;0.1
910000;123;0.1
910000;138;0.1
910000;133;0.1
910000;137;0.1
910000;165;0.1
910000;133;0.1
910000;134;0.1
910000;156;0.1
910000;134;0.1
910000;145;0.1
910000;144;0.1
910000;133;0.1
910000;136;0.1
910000;132;0.1
910000;139;0.1
910000;138;0.1
910000;137;0.1
910000;135;0.1
910000;156;0.1
910000;139;0.1
910000;146;0.1
910000;120;0.1
910000;133;0.1
910000;140;0.1
910000;149;0.1
910000;125;0.1
910000;128;0.1
910000;126;0.1
910000;135;0.1
910000;136;0.1
910000;137;0.1
910000;128;0.1
910000;150;0.1
910000;157;0.1
920000;128;0.1
920000;123;0.1
920000;175;0.1
920000;142;0.1
920000;145;0.1
920000;140;0.1
920000;148;0.1
920000;163;0.1
920000;129;0.1
920000;143;0.1
920000;145;0.1
920000;138;0.1
920000;133;0.1
920000;131;0.1
920000;124;0.1
920000;153;0.1
920000;129;0.1
920000;131;0.1
920000;135;0.1
920000;128;0.1
920000;143;0.1
920000;121;0.1
920000;148;0.1
920000;145;0.1
920000;132;0.1
920000;134;0.1
920000;161;0.1
920000;130;0.1
920000;153;0.1
920000;144;0.1
920000;168;0.1
920000;129;0.1
920000;136;0.1
920000;141;0.1
920000;137;0.1
920000;141;0.1
920000;132;0.1
920000;131;0.1
920000;135;0.1
920000;155;0.1
920000;125;0.1
920000;117;0.1
920000;132;0.1
920000;126;0.1
920000;156;0.1
920000;124;0.1
920000;148;0.1
920000;131;0.1
920000;147;0.1
920000;142;0.1
930000;193;0.1
930000;141;0.1
930000;136;0.1
930000;127;0.1
930000;167;0.1
930000;126;0.1
930000;134;0.1
930000;168;0.1
930000;138;0.1
930000;131;0.1
930000;137;0.1
930000;132;0.1
930000;137;0.1
930000;138;0.1
930000;128;0.1
930000;150;0.1
930000;115;0.1
930000;144;0.1
930000;129;0.1
930000;131;0.1
930000;129;0.1
930000;137;0.1
930000;143;0.1
930000;138;0.1
930000;155;0.1
930000;129;0.1
930000;137;0.1
930000;128;0.1
930000;124;0.1
930000;141;0.1
930000;135;0.1
930000;126;0.1
930000;144;0.1
930000;147;0.1
930000;129;0.1
930000;144;0.1
930000;142;0.1
930000;139;0.1
930000;138;0.1
930000;124;0.1
930000;142;0.1
930000;170;0.1
930000;130;0.1
930000;135;0.1
930000;124;0.1
930000;146;0.1
930000;123;0.1
930000;122;0.1
930000;145;0.1
930000;155;0.1
940000;134;0.1
940000;130;0.1
940000;145;0.1
940000;177;0.1
940000;143;0.1
940000;143;0.1
940000;155;0.1
940000;139;0.1
940000;130;0.1
940000;128;0.1
940000;141;0.1
940000;149;0.1
940000;159;0.1
940000;131;0.1
940000;126;0.1
940000;144;0.1
940000;128;0.1
940000;155;0.1
940000;126;0.1
940000;141;0.1
940000;131;0.1
940000;130;0.1
940000;127;0.1
940000;149;0.1
940000;150;0.1
940000;141;0.1
940000;147;0.1
940000;126;0.1
940000;171;0.1
940000;153;0.1
940000;126;0.1
940000;139;0.1
940000;136;0.1
940000;144;0.1
940000;139;0.1
940000;139;0.1
940000;129;0.1
940000;138;0.1
940000;134;0.1
940000;128;0.1
940000;121;0.1
940000;147;0.1
940000;143;0.1
940000;123;0.1
940000;127;0.1
940000;140;0.1
940000;128;0.1
940000;143;0.1
940000;155;0.1
940000;137;0.1
950000;123;0.1
950000;129;0.1
950000;134;0.1
950000;163;0.1
950000;143;0.1
950000;136;0.1
950000;125;0.1
950000;131;0.1
950000;161;0.1
950000;156;0.1
950000;136;0.1
950000;133;0.1
950000;154;0.1
950000;135;0.1
950000;136;0.1
950000;131;0.1
950000;123;0.1
950000;115;0.1
950000;121;0.1
950000;129;0.1
950000;129;0.1
950000;153;0.1
950000;125;0.1
950000;138;0.1
950000;142;0.1
950000;131;0.1
950000;135;0.1
950000;137;0.1
950000;144;0.1
950000;150;0.1
950000;126;0.1
950000;139;0.1
950000;137;0.1
950000;151;0.1
950000;129;0.1
950000;155;0.1
950000;127;0.1
950000;151;0.1
950000;148;0.1
950000;175;0.1
950000;127;0.1
950000;138;0.1
950000;129;0.1
950000;130;0.1
950000;119;0.1
950000;120;0.1
950000;136;0.1
950000;141;0.1
950000;139;0.1
950000;144;0.1
960000;122;0.1
960000;138;0.1
960000;127;0.1
960000;158;0.1
960000;146;0.1
960000;127;0.1
960000;131;0.1
960000;132;0.1
960000;137;0.1
960000;133;0.1
960000;119;0.1
960000;165;0.1
960000;131;0.1
960000;139;0.1
960000;157;0.1
960000;155;0.1
960000;131;0.1
960000;131;0.1
960000;148;0.1
960000;140;0.1
960000;137;0.1
960000;139;0.1
960000;130;0.1
960000;140;0.1
960000;129;0.1
960000;137;0.1
960000;133;0.1
960000;131;0.1
960000;153;0.1
960000;122;0.1
960000;136;0.1
960000;135;0.1
960000;147;0.1
960000;143;0.1
960000;137;0.1
960000;152;0.1
960000;149;0.1
960000;138;0.1
960000;141;0.1
960000;131;0.1
960000;134;0.1
960000;125;0.1
960000;139;0.1
960000;136;0.1
960000;135;0.1
960000;151;0.1
960000;161;0.1
960000;131;0.1
960000;134;0.1
960000;131;0.1
970000;143;0.1
970000;134;0.1
970000;137;0.1
970000;137;0.1
970000;131;0.1
970000;123;0.1
970000;146;0.1
970000;137;0.1
970000;128;0.1
970000;161;0.1
970000;127;0.1
970000;132;0.1
970000;144;0.1
970000;177;0.1
970000;171;0.1
970000;145;0.1
970000;121;0.1
970000;144;0.1
970000;150;0.1
970000;131;0.1
970000;135;0.1
970000;123;0.1
970000;148;0.1
970000;145;0.1
970000;119;0.1
970000;122;0.1
970000;139;0.1
970000;131;0.1
970000;145;0.1
970000;156;0.1
970000;130;0.1
970000;131;0.1
970000;126;0.1
970000;133;0.1
970000;142;0.1
970000;144;0.1
970000;143;0.1
970000;133;0.1
970000;147;0.1
970000;131;0.1
970000;151;0.1
970000;146;0.1
970000;124;0.1
970000;143;0.1
970000;133;0.1
970000;125;0.1
970000;157;0.1
970000;136;0.1
970000;120;0.1
970000;148;0.1
980000;142;0.1
980000;132;0.1
980000;131;0.1
980000;127;0.1
980000;121;0.1
980000;156;0.1
980000;139;0.1
980000;149;0.1
980000;143;0.1
980000;132;0.1
980000;145;0.1
980000;145;0.1
980000;131;0.1
980000;133;0.1
980000;135;0.1
980000;149;0.1
980000;123;0.1
980000;139;0.1
980000;137;0.1
980000;135;0.1
980000;148;0.1
980000;130;0.1
980000;131;0.1
980000;121;0.1
980000;122;0.1
980000;140;0.1
980000;168;0.1
980000;142;0.1
980000;133;0.1
980000;125;0.1
980000;144;0.1
980000;183;0.1
980000;147;0.1
980000;139;0.1
980000;130;0.1
980000;126;0.1
980000;144;0.1
980000;129;0.1
980000;128;0.1
980000;120;0.1
980000;134;0.1
980000;129;0.1
980000;153;0.1
980000;143;0.1
980000;142;0.1
980000;129;0.1
980000;137;0.1
980000;124;0.1
980000;159;0.1
980000;139;0.1
990000;142;0.1
990000;124;0.1
990000;153;0.1
990000;138;0.1
990000;122;0.1
990000;163;0.1
990000;134;0.1
990000;134;0.1
990000;140;0.1
990000;136;0.1
990000;141;0.1
990000;128;0.1
990000;143;0.1
990000;123;0.1
990000;147;0.1
990000;148;0.1
990000;136;0.1
990000;128;0.1
990000;142;0.1
990000;154;0.1
990000;151;0.1
990000;122;0.1
990000;149;0.1
990000;156;0.1
990000;151;0.1
990000;151;0.1
990000;128;0.1
990000;157;0.1
990000;127;0.1
990000;127;0.1
990000;137;0.1
990000;140;0.1
990000;153;0.1
990000;132;0.1
990000;170;0.1
990000;145;0.1
990000;128;0.1
990000;143;0.1
990000;142;0.1
990000;129;0.1
990000;136;0.1
990000;146;0.1
990000;138;0.1
990000;136;0.1
990000;158;0.1
990000;140;0.1
990000;133;0.1
990000;136;0.1
990000;146;0.1
990000;139;0.1
1000000;127;0.1
1000000;136;0.1
1000000;173;0.1
1000000;144;0.1
1000000;131;0.1
1000000;139;0.1
1000000;140;0.1
1000000;126;0.1
1000000;144;0.1
1000000;149;0.1
1000000;149;0.1
1000000;147;0.1
1000000;135;0.1
1000000;141;0.1
1000000;129;0.1
1000000;197;0.1
1000000;128;0.1
1000000;143;0.1
1000000;135;0.1
1000000;133;0.1
1000000;129;0.1
1000000;131;0.1
1000000;146;0.1
1000000;140;0.1
1000000;138;0.1
1000000;149;0.1
1000000;135;0.1
1000000;131;0.1
1000000;152;0.1
1000000;131;0.1
1000000;143;0.1
1000000;130;0.1
1000000;149;0.1
1000000;121;0.1
1000000;129;0.1
1000000;146;0.1
1000000;134;0.1
1000000;126;0.1
1000000;155;0.1
1000000;137;0.1
1000000;131;0.1
1000000;126;0.1
1000000;124;0.1
1000000;133;0.1
1000000;130;0.1
1000000;142;0.1
1000000;127;0.1
1000000;136;0.1
1000000;135;0.1
1000000;117;0.1
