n;min;p
10000;17;0.5
10000;22;0.5
10000;13;0.5
10000;14;0.5
10000;16;0.5
10000;16;0.5
10000;13;0.5
10000;15;0.5
10000;16;0.5
10000;16;0.5
10000;16;0.5
10000;16;0.5
10000;17;0.5
10000;15;0.5
10000;14;0.5
10000;16;0.5
10000;17;0.5
10000;15;0.5
10000;13;0.5
10000;19;0.5
10000;18;0.5
10000;18;0.5
10000;14;0.5
10000;13;0.5
10000;16;0.5
10000;16;0.5
10000;14;0.5
10000;17;0.5
10000;14;0.5
10000;18;0.5
10000;23;0.5
10000;15;0.5
10000;13;0.5
10000;17;0.5
10000;18;0.5
10000;14;0.5
10000;19;0.5
10000;15;0.5
10000;17;0.5
10000;16;0.5
10000;13;0.5
10000;17;0.5
10000;15;0.5
10000;15;0.5
10000;14;0.5
10000;16;0.5
10000;13;0.5
10000;17;0.5
10000;15;0.5
10000;13;0.5
20000;15;0.5
20000;18;0.5
20000;15;0.5
20000;16;0.5
20000;15;0.5
20000;15;0.5
20000;18;0.5
20000;17;0.5
20000;14;0.5
20000;18;0.5
20000;18;0.5
20000;19;0.5
20000;16;0.5
20000;16;0.5
20000;21;0.5
20000;18;0.5
20000;14;0.5
20000;16;0.5
20000;15;0.5
20000;19;0.5
20000;17;0.5
20000;16;0.5
20000;15;0.5
20000;16;0.5
20000;18;0.5
20000;17;0.5
20000;15;0.5
20000;16;0.5
20000;16;0.5
20000;16;0.5
20000;18;0.5
20000;17;0.5
20000;15;0.5
20000;15;0.5
20000;17;0.5
20000;17;0.5
20000;15;0.5
20000;16;0.5
20000;19;0.5
20000;17;0.5
20000;19;0.5
20000;19;0.5
20000;21;0.5
20000;18;0.5
20000;15;0.5
20000;15;0.5
20000;17;0.5
20000;16;0.5
20000;16;0.5
20000;18;0.5
30000;15;0.5
30000;16;0.5
30000;17;0.5
30000;17;0.5
30000;16;0.5
30000;16;0.5
30000;15;0.5
30000;15;0.5
30000;17;0.5
30000;17;0.5
30000;16;0.5
30000;16;0.5
30000;16;0.5
30000;15;0.5
30000;15;0.5
30000;16;0.5
30000;16;0.5
30000;17;0.5
30000;16;0.5
30000;16;0.5
30000;15;0.5
30000;16;0.5
30000;16;0.5
30000;18;0.5
30000;20;0.5
30000;17;0.5
30000;16;0.5
30000;17;0.5
30000;18;0.5
30000;18;0.5
30000;17;0.5
30000;15;0.5
30000;18;0.5
30000;20;0.5
30000;16;0.5
30000;17;0.5
30000;16;0.5
30000;20;0.5
30000;23;0.5
30000;17;0.5
30000;17;0.5
30000;17;0.5
30000;17;0.5
30000;15;0.5
30000;18;0.5
30000;15;0.5
30000;15;0.5
30000;18;0.5
30000;17;0.5
30000;17;0.5
40000;21;0.5
40000;16;0.5
40000;20;0.5
40000;17;0.5
40000;18;0.5
40000;21;0.5
40000;17;0.5
40000;17;0.5
40000;21;0.5
40000;20;0.5
40000;16;0.5
40000;20;0.5
40000;17;0.5
40000;19;0.5
40000;17;0.5
40000;16;0.5
40000;21;0.5
40000;20;0.5
40000;17;0.5
40000;17;0.5
40000;17;0.5
40000;18;0.5
40000;16;0.5
40000;17;0.5
40000;18;0.5
40000;20;0.5
40000;17;0.5
40000;19;0.5
40000;15;0.5
40000;17;0.5
40000;16;0.5
40000;16;0.5
40000;18;0.5
40000;16;0.5
40000;17;0.5
40000;16;0.5
40000;17;0.5
40000;18;0.5
40000;15;0.5
40000;16;0.5
40000;20;0.5
40000;16;0.5
40000;16;0.5
40000;17;0.5
40000;18;0.5
40000;18;0.5
40000;16;0.5
40000;17;0.5
40000;16;0.5
40000;18;0.5
50000;17;0.5
50000;20;0.5
50000;18;0.5
50000;19;0.5
50000;16;0.5
50000;19;0.5
50000;16;0.5
50000;18;0.5
50000;17;0.5
50000;20;0.5
50000;16;0.5
50000;18;0.5
50000;18;0.5
50000;22;0.5
50000;17;0.5
50000;17;0.5
50000;20;0.5
50000;17;0.5
50000;16;0.5
50000;19;0.5
50000;17;0.5
50000;18;0.5
50000;20;0.5
50000;18;0.5
50000;18;0.5
50000;19;0.5
50000;16;0.5
50000;17;0.5
50000;17;0.5
50000;17;0.5
50000;19;0.5
50000;18;0.5
50000;18;0.5
50000;22;0.5
50000;20;0.5
50000;16;0.5
50000;17;0.5
50000;19;0.5
50000;17;0.5
50000;17;0.5
50000;16;0.5
50000;18;0.5
50000;15;0.5
50000;18;0.5
50000;21;0.5
50000;17;0.5
50000;21;0.5
50000;18;0.5
50000;18;0.5
50000;17;0.5
60000;21;0.5
60000;17;0.5
60000;17;0.5
60000;17;0.5
60000;18;0.5
60000;17;0.5
60000;17;0.5
60000;19;0.5
60000;17;0.5
60000;21;0.5
60000;18;0.5
60000;18;0.5
60000;17;0.5
60000;15;0.5
60000;19;0.5
60000;20;0.5
60000;17;0.5
60000;19;0.5
60000;16;0.5
60000;16;0.5
60000;19;0.5
60000;20;0.5
60000;20;0.5
60000;18;0.5
60000;17;0.5
60000;24;0.5
60000;18;0.5
60000;16;0.5
60000;17;0.5
60000;16;0.5
60000;17;0.5
60000;17;0.5
60000;18;0.5
60000;19;0.5
60000;18;0.5
60000;18;0.5
60000;20;0.5
60000;18;0.5
60000;17;0.5
60000;17;0.5
60000;19;0.5
60000;17;0.5
60000;21;0.5
60000;16;0.5
60000;24;0.5
60000;20;0.5
60000;20;0.5
60000;16;0.5
60000;17;0.5
60000;17;0.5
70000;16;0.5
70000;21;0.5
70000;23;0.5
70000;19;0.5
70000;19;0.5
70000;17;0.5
70000;18;0.5
70000;18;0.5
70000;19;0.5
70000;19;0.5
70000;18;0.5
70000;18;0.5
70000;19;0.5
70000;19;0.5
70000;17;0.5
70000;19;0.5
70000;21;0.5
70000;18;0.5
70000;21;0.5
70000;19;0.5
70000;20;0.5
70000;21;0.5
70000;16;0.5
70000;17;0.5
70000;18;0.5
70000;21;0.5
70000;18;0.5
70000;16;0.5
70000;20;0.5
70000;20;0.5
70000;18;0.5
70000;17;0.5
70000;16;0.5
70000;16;0.5
70000;20;0.5
70000;19;0.5
70000;16;0.5
70000;19;0.5
70000;17;0.5
70000;20;0.5
70000;17;0.5
70000;17;0.5
70000;18;0.5
70000;18;0.5
70000;15;0.5
70000;18;0.5
70000;15;0.5
70000;20;0.5
70000;20;0.5
70000;19;0.5
80000;21;0.5
80000;18;0.5
80000;18;0.5
80000;21;0.5
80000;18;0.5
80000;19;0.5
80000;23;0.5
80000;16;0.5
80000;18;0.5
80000;23;0.5
80000;18;0.5
80000;19;0.5
80000;25;0.5
80000;20;0.5
80000;20;0.5
80000;17;0.5
80000;18;0.5
80000;19;0.5
80000;18;0.5
80000;20;0.5
80000;18;0.5
80000;17;0.5
80000;18;0.5
80000;20;0.5
80000;19;0.5
80000;18;0.5
80000;18;0.5
80000;18;0.5
80000;19;0.5
80000;20;0.5
80000;16;0.5
80000;17;0.5
80000;16;0.5
80000;18;0.5
80000;21;0.5
80000;19;0.5
80000;20;0.5
80000;19;0.5
80000;19;0.5
80000;16;0.5
80000;18;0.5
80000;18;0.5
80000;18;0.5
80000;19;0.5
80000;20;0.5
80000;17;0.5
80000;20;0.5
80000;17;0.5
80000;17;0.5
80000;18;0.5
90000;19;0.5
90000;18;0.5
90000;19;0.5
90000;17;0.5
90000;20;0.5
90000;19;0.5
90000;16;0.5
90000;19;0.5
90000;20;0.5
90000;17;0.5
90000;17;0.5
90000;18;0.5
90000;20;0.5
90000;19;0.5
90000;18;0.5
90000;20;0.5
90000;18;0.5
90000;19;0.5
90000;18;0.5
90000;18;0.5
90000;16;0.5
90000;17;0.5
90000;20;0.5
90000;23;0.5
90000;22;0.5
90000;18;0.5
90000;19;0.5
90000;23;0.5
90000;20;0.5
90000;17;0.5
90000;19;0.5
90000;17;0.5
90000;19;0.5
90000;19;0.5
90000;18;0.5
90000;15;0.5
90000;18;0.5
90000;22;0.5
90000;17;0.5
90000;20;0.5
90000;18;0.5
90000;17;0.5
90000;21;0.5
90000;19;0.5
90000;18;0.5
90000;18;0.5
90000;17;0.5
90000;20;0.5
90000;17;0.5
90000;20;0.5
100000;20;0.5
100000;19;0.5
100000;19;0.5
100000;23;0.5
100000;16;0.5
100000;21;0.5
100000;18;0.5
100000;18;0.5
100000;20;0.5
100000;21;0.5
100000;18;0.5
100000;21;0.5
100000;17;0.5
100000;19;0.5
100000;18;0.5
100000;20;0.5
100000;20;0.5
100000;18;0.5
100000;18;0.5
100000;18;0.5
100000;20;0.5
100000;17;0.5
100000;23;0.5
100000;18;0.5
100000;17;0.5
100000;20;0.5
100000;17;0.5
100000;17;0.5
100000;19;0.5
100000;17;0.5
100000;18;0.5
100000;20;0.5
100000;16;0.5
100000;22;0.5
100000;18;0.5
100000;20;0.5
100000;17;0.5
100000;21;0.5
100000;17;0.5
100000;16;0.5
100000;16;0.5
100000;17;0.5
100000;17;0.5
100000;21;0.5
100000;19;0.5
100000;18;0.5
100000;22;0.5
100000;21;0.5
100000;18;0.5
100000;19;0.5
110000;18;0.5
110000;20;0.5
110000;18;0.5
110000;20;0.5
110000;21;0.5
110000;18;0.5
110000;19;0.5
110000;18;0.5
110000;18;0.5
110000;20;0.5
110000;22;0.5
110000;18;0.5
110000;17;0.5
110000;20;0.5
110000;19;0.5
110000;21;0.5
110000;19;0.5
110000;17;0.5
110000;20;0.5
110000;18;0.5
110000;20;0.5
110000;20;0.5
110000;18;0.5
110000;19;0.5
110000;16;0.5
110000;19;0.5
110000;21;0.5
110000;17;0.5
110000;17;0.5
110000;19;0.5
110000;18;0.5
110000;19;0.5
110000;20;0.5
110000;20;0.5
110000;20;0.5
110000;18;0.5
110000;18;0.5
110000;19;0.5
110000;17;0.5
110000;17;0.5
110000;19;0.5
110000;20;0.5
110000;18;0.5
110000;19;0.5
110000;18;0.5
110000;19;0.5
110000;19;0.5
110000;21;0.5
110000;19;0.5
110000;17;0.5
120000;18;0.5
120000;20;0.5
120000;18;0.5
120000;19;0.5
120000;17;0.5
120000;20;0.5
120000;19;0.5
120000;18;0.5
120000;20;0.5
120000;21;0.5
120000;20;0.5
120000;21;0.5
120000;20;0.5
120000;22;0.5
120000;19;0.5
120000;18;0.5
120000;19;0.5
120000;19;0.5
120000;16;0.5
120000;18;0.5
120000;17;0.5
120000;23;0.5
120000;20;0.5
120000;19;0.5
120000;19;0.5
120000;21;0.5
120000;19;0.5
120000;18;0.5
120000;23;0.5
120000;18;0.5
120000;20;0.5
120000;19;0.5
120000;20;0.5
120000;18;0.5
120000;19;0.5
120000;19;0.5
120000;19;0.5
120000;20;0.5
120000;18;0.5
120000;18;0.5
120000;23;0.5
120000;19;0.5
120000;21;0.5
120000;19;0.5
120000;24;0.5
120000;20;0.5
120000;19;0.5
120000;19;0.5
120000;20;0.5
120000;20;0.5
130000;21;0.5
130000;19;0.5
130000;18;0.5
130000;18;0.5
130000;18;0.5
130000;19;0.5
130000;18;0.5
130000;17;0.5
130000;21;0.5
130000;20;0.5
130000;21;0.5
130000;19;0.5
130000;19;0.5
130000;17;0.5
130000;22;0.5
130000;19;0.5
130000;20;0.5
130000;20;0.5
130000;21;0.5
130000;23;0.5
130000;19;0.5
130000;18;0.5
130000;21;0.5
130000;21;0.5
130000;18;0.5
130000;20;0.5
130000;19;0.5
130000;22;0.5
130000;23;0.5
130000;20;0.5
130000;18;0.5
130000;20;0.5
130000;17;0.5
130000;18;0.5
130000;22;0.5
130000;23;0.5
130000;19;0.5
130000;17;0.5
130000;18;0.5
130000;20;0.5
130000;23;0.5
130000;21;0.5
130000;19;0.5
130000;18;0.5
130000;26;0.5
130000;18;0.5
130000;18;0.5
130000;18;0.5
130000;21;0.5
130000;21;0.5
140000;18;0.5
140000;21;0.5
140000;20;0.5
140000;20;0.5
140000;17;0.5
140000;20;0.5
140000;21;0.5
140000;17;0.5
140000;18;0.5
140000;20;0.5
140000;19;0.5
140000;18;0.5
140000;17;0.5
140000;21;0.5
140000;17;0.5
140000;19;0.5
140000;19;0.5
140000;18;0.5
140000;19;0.5
140000;20;0.5
140000;18;0.5
140000;21;0.5
140000;20;0.5
140000;18;0.5
140000;22;0.5
140000;20;0.5
140000;19;0.5
140000;20;0.5
140000;20;0.5
140000;21;0.5
140000;18;0.5
140000;20;0.5
140000;17;0.5
140000;21;0.5
140000;20;0.5
140000;20;0.5
140000;25;0.5
140000;18;0.5
140000;20;0.5
140000;19;0.5
140000;19;0.5
140000;19;0.5
140000;19;0.5
140000;18;0.5
140000;18;0.5
140000;20;0.5
140000;21;0.5
140000;19;0.5
140000;19;0.5
140000;20;0.5
150000;21;0.5
150000;19;0.5
150000;21;0.5
150000;20;0.5
150000;23;0.5
150000;22;0.5
150000;19;0.5
150000;20;0.5
150000;21;0.5
150000;20;0.5
150000;17;0.5
150000;18;0.5
150000;18;0.5
150000;22;0.5
150000;18;0.5
150000;27;0.5
150000;20;0.5
150000;17;0.5
150000;20;0.5
150000;18;0.5
150000;19;0.5
150000;18;0.5
150000;19;0.5
150000;18;0.5
150000;18;0.5
150000;23;0.5
150000;21;0.5
150000;19;0.5
150000;22;0.5
150000;16;0.5
150000;21;0.5
150000;17;0.5
150000;22;0.5
150000;20;0.5
150000;19;0.5
150000;17;0.5
150000;20;0.5
150000;18;0.5
150000;24;0.5
150000;19;0.5
150000;17;0.5
150000;18;0.5
150000;20;0.5
150000;19;0.5
150000;19;0.5
150000;18;0.5
150000;17;0.5
150000;20;0.5
150000;20;0.5
150000;19;0.5
160000;20;0.5
160000;17;0.5
160000;24;0.5
160000;18;0.5
160000;18;0.5
160000;19;0.5
160000;21;0.5
160000;17;0.5
160000;22;0.5
160000;18;0.5
160000;18;0.5
160000;18;0.5
160000;21;0.5
160000;18;0.5
160000;21;0.5
160000;18;0.5
160000;21;0.5
160000;19;0.5
160000;17;0.5
160000;22;0.5
160000;20;0.5
160000;20;0.5
160000;19;0.5
160000;18;0.5
160000;22;0.5
160000;19;0.5
160000;20;0.5
160000;18;0.5
160000;18;0.5
160000;18;0.5
160000;18;0.5
160000;20;0.5
160000;20;0.5
160000;22;0.5
160000;19;0.5
160000;24;0.5
160000;23;0.5
160000;17;0.5
160000;20;0.5
160000;20;0.5
160000;17;0.5
160000;22;0.5
160000;20;0.5
160000;18;0.5
160000;18;0.5
160000;18;0.5
160000;18;0.5
160000;20;0.5
160000;18;0.5
160000;20;0.5
170000;19;0.5
170000;17;0.5
170000;21;0.5
170000;22;0.5
170000;19;0.5
170000;21;0.5
170000;20;0.5
170000;17;0.5
170000;20;0.5
170000;19;0.5
170000;22;0.5
170000;20;0.5
170000;19;0.5
170000;21;0.5
170000;19;0.5
170000;19;0.5
170000;18;0.5
170000;27;0.5
170000;20;0.5
170000;17;0.5
170000;17;0.5
170000;23;0.5
170000;17;0.5
170000;22;0.5
170000;20;0.5
170000;19;0.5
170000;24;0.5
170000;17;0.5
170000;20;0.5
170000;20;0.5
170000;23;0.5
170000;18;0.5
170000;20;0.5
170000;20;0.5
170000;23;0.5
170000;19;0.5
170000;19;0.5
170000;18;0.5
170000;20;0.5
170000;19;0.5
170000;18;0.5
170000;20;0.5
170000;19;0.5
170000;20;0.5
170000;19;0.5
170000;18;0.5
170000;19;0.5
170000;20;0.5
170000;16;0.5
170000;20;0.5
180000;19;0.5
180000;20;0.5
180000;19;0.5
180000;17;0.5
180000;17;0.5
180000;20;0.5
180000;21;0.5
180000;22;0.5
180000;19;0.5
180000;21;0.5
180000;19;0.5
180000;19;0.5
180000;18;0.5
180000;19;0.5
180000;18;0.5
180000;20;0.5
180000;22;0.5
180000;22;0.5
180000;20;0.5
180000;21;0.5
180000;21;0.5
180000;18;0.5
180000;21;0.5
180000;18;0.5
180000;19;0.5
180000;18;0.5
180000;20;0.5
180000;18;0.5
180000;18;0.5
180000;19;0.5
180000;20;0.5
180000;20;0.5
180000;18;0.5
180000;19;0.5
180000;19;0.5
180000;20;0.5
180000;21;0.5
180000;20;0.5
180000;20;0.5
180000;24;0.5
180000;19;0.5
180000;20;0.5
180000;19;0.5
180000;21;0.5
180000;17;0.5
180000;20;0.5
180000;22;0.5
180000;20;0.5
180000;20;0.5
180000;19;0.5
190000;17;0.5
190000;22;0.5
190000;21;0.5
190000;21;0.5
190000;19;0.5
190000;18;0.5
190000;18;0.5
190000;18;0.5
190000;27;0.5
190000;18;0.5
190000;21;0.5
190000;19;0.5
190000;19;0.5
190000;19;0.5
190000;19;0.5
190000;18;0.5
190000;18;0.5
190000;20;0.5
190000;19;0.5
190000;16;0.5
190000;23;0.5
190000;20;0.5
190000;20;0.5
190000;21;0.5
190000;21;0.5
190000;16;0.5
190000;19;0.5
190000;18;0.5
190000;20;0.5
190000;19;0.5
190000;19;0.5
190000;18;0.5
190000;19;0.5
190000;19;0.5
190000;19;0.5
190000;18;0.5
190000;21;0.5
190000;20;0.5
190000;20;0.5
190000;26;0.5
190000;20;0.5
190000;18;0.5
190000;20;0.5
190000;27;0.5
190000;22;0.5
190000;18;0.5
190000;17;0.5
190000;19;0.5
190000;18;0.5
190000;20;0.5
200000;19;0.5
200000;22;0.5
200000;20;0.5
200000;17;0.5
200000;19;0.5
200000;18;0.5
200000;19;0.5
200000;22;0.5
200000;20;0.5
200000;20;0.5
200000;18;0.5
200000;20;0.5
200000;19;0.5
200000;25;0.5
200000;18;0.5
200000;20;0.5
200000;27;0.5
200000;18;0.5
200000;19;0.5
200000;24;0.5
200000;19;0.5
200000;20;0.5
200000;19;0.5
200000;19;0.5
200000;19;0.5
200000;18;0.5
200000;25;0.5
200000;18;0.5
200000;21;0.5
200000;23;0.5
200000;21;0.5
200000;19;0.5
200000;19;0.5
200000;19;0.5
200000;19;0.5
200000;20;0.5
200000;21;0.5
200000;17;0.5
200000;19;0.5
200000;18;0.5
200000;21;0.5
200000;19;0.5
200000;18;0.5
200000;22;0.5
200000;19;0.5
200000;20;0.5
200000;22;0.5
200000;18;0.5
200000;20;0.5
200000;22;0.5
210000;19;0.5
210000;19;0.5
210000;18;0.5
210000;19;0.5
210000;28;0.5
210000;18;0.5
210000;20;0.5
210000;21;0.5
210000;20;0.5
210000;18;0.5
210000;21;0.5
210000;23;0.5
210000;20;0.5
210000;22;0.5
210000;21;0.5
210000;21;0.5
210000;18;0.5
210000;19;0.5
210000;21;0.5
210000;18;0.5
210000;20;0.5
210000;22;0.5
210000;20;0.5
210000;21;0.5
210000;17;0.5
210000;20;0.5
210000;23;0.5
210000;20;0.5
210000;21;0.5
210000;19;0.5
210000;20;0.5
210000;18;0.5
210000;24;0.5
210000;20;0.5
210000;19;0.5
210000;22;0.5
210000;21;0.5
210000;20;0.5
210000;18;0.5
210000;20;0.5
210000;20;0.5
210000;23;0.5
210000;21;0.5
210000;20;0.5
210000;21;0.5
210000;19;0.5
210000;21;0.5
210000;19;0.5
210000;20;0.5
210000;21;0.5
220000;18;0.5
220000;19;0.5
220000;21;0.5
220000;20;0.5
220000;24;0.5
220000;19;0.5
220000;24;0.5
220000;22;0.5
220000;21;0.5
220000;21;0.5
220000;19;0.5
220000;21;0.5
220000;20;0.5
220000;19;0.5
220000;21;0.5
220000;20;0.5
220000;22;0.5
220000;21;0.5
220000;17;0.5
220000;19;0.5
220000;20;0.5
220000;21;0.5
220000;18;0.5
220000;23;0.5
220000;19;0.5
220000;18;0.5
220000;19;0.5
220000;21;0.5
220000;18;0.5
220000;22;0.5
220000;22;0.5
220000;19;0.5
220000;23;0.5
220000;18;0.5
220000;19;0.5
220000;20;0.5
220000;19;0.5
220000;18;0.5
220000;19;0.5
220000;21;0.5
220000;19;0.5
220000;18;0.5
220000;20;0.5
220000;17;0.5
220000;17;0.5
220000;20;0.5
220000;21;0.5
220000;19;0.5
220000;19;0.5
220000;21;0.5
230000;18;0.5
230000;18;0.5
230000;19;0.5
230000;20;0.5
230000;19;0.5
230000;20;0.5
230000;19;0.5
230000;20;0.5
230000;19;0.5
230000;19;0.5
230000;18;0.5
230000;22;0.5
230000;21;0.5
230000;18;0.5
230000;21;0.5
230000;23;0.5
230000;21;0.5
230000;22;0.5
230000;20;0.5
230000;18;0.5
230000;22;0.5
230000;18;0.5
230000;18;0.5
230000;23;0.5
230000;19;0.5
230000;21;0.5
230000;24;0.5
230000;19;0.5
230000;18;0.5
230000;18;0.5
230000;20;0.5
230000;20;0.5
230000;20;0.5
230000;21;0.5
230000;20;0.5
230000;21;0.5
230000;20;0.5
230000;24;0.5
230000;19;0.5
230000;21;0.5
230000;21;0.5
230000;24;0.5
230000;18;0.5
230000;17;0.5
230000;20;0.5
230000;20;0.5
230000;20;0.5
230000;21;0.5
230000;19;0.5
230000;19;0.5
240000;19;0.5
240000;22;0.5
240000;18;0.5
240000;20;0.5
240000;21;0.5
240000;21;0.5
240000;21;0.5
240000;19;0.5
240000;20;0.5
240000;19;0.5
240000;19;0.5
240000;19;0.5
240000;20;0.5
240000;19;0.5
240000;19;0.5
240000;18;0.5
240000;20;0.5
240000;20;0.5
240000;19;0.5
240000;18;0.5
240000;20;0.5
240000;18;0.5
240000;19;0.5
240000;20;0.5
240000;19;0.5
240000;21;0.5
240000;20;0.5
240000;19;0.5
240000;20;0.5
240000;20;0.5
240000;19;0.5
240000;21;0.5
240000;23;0.5
240000;20;0.5
240000;18;0.5
240000;18;0.5
240000;21;0.5
240000;20;0.5
240000;19;0.5
240000;21;0.5
240000;20;0.5
240000;18;0.5
240000;19;0.5
240000;22;0.5
240000;19;0.5
240000;22;0.5
240000;22;0.5
240000;20;0.5
240000;21;0.5
240000;21;0.5
250000;23;0.5
250000;23;0.5
250000;20;0.5
250000;21;0.5
250000;22;0.5
250000;20;0.5
250000;24;0.5
250000;21;0.5
250000;23;0.5
250000;20;0.5
250000;19;0.5
250000;24;0.5
250000;18;0.5
250000;21;0.5
250000;21;0.5
250000;23;0.5
250000;18;0.5
250000;19;0.5
250000;18;0.5
250000;20;0.5
250000;20;0.5
250000;20;0.5
250000;20;0.5
250000;20;0.5
250000;20;0.5
250000;21;0.5
250000;22;0.5
250000;21;0.5
250000;24;0.5
250000;19;0.5
250000;20;0.5
250000;20;0.5
250000;19;0.5
250000;19;0.5
250000;18;0.5
250000;19;0.5
250000;19;0.5
250000;23;0.5
250000;19;0.5
250000;21;0.5
250000;20;0.5
250000;19;0.5
250000;23;0.5
250000;18;0.5
250000;22;0.5
250000;19;0.5
250000;24;0.5
250000;19;0.5
250000;21;0.5
250000;20;0.5
260000;22;0.5
260000;24;0.5
260000;24;0.5
260000;19;0.5
260000;19;0.5
260000;17;0.5
260000;19;0.5
260000;20;0.5
260000;19;0.5
260000;19;0.5
260000;18;0.5
260000;25;0.5
260000;21;0.5
260000;18;0.5
260000;20;0.5
260000;20;0.5
260000;19;0.5
260000;21;0.5
260000;18;0.5
260000;18;0.5
260000;19;0.5
260000;21;0.5
260000;20;0.5
260000;19;0.5
260000;18;0.5
260000;21;0.5
260000;23;0.5
260000;23;0.5
260000;19;0.5
260000;21;0.5
260000;19;0.5
260000;19;0.5
260000;21;0.5
260000;21;0.5
260000;21;0.5
260000;19;0.5
260000;20;0.5
260000;19;0.5
260000;23;0.5
260000;22;0.5
260000;22;0.5
260000;18;0.5
260000;24;0.5
260000;20;0.5
260000;19;0.5
260000;19;0.5
260000;21;0.5
260000;20;0.5
260000;19;0.5
260000;22;0.5
270000;21;0.5
270000;19;0.5
270000;22;0.5
270000;18;0.5
270000;19;0.5
270000;28;0.5
270000;19;0.5
270000;20;0.5
270000;20;0.5
270000;20;0.5
270000;18;0.5
270000;20;0.5
270000;23;0.5
270000;20;0.5
270000;22;0.5
270000;22;0.5
270000;22;0.5
270000;19;0.5
270000;19;0.5
270000;19;0.5
270000;24;0.5
270000;21;0.5
270000;20;0.5
270000;24;0.5
270000;20;0.5
270000;23;0.5
270000;21;0.5
270000;22;0.5
270000;22;0.5
270000;19;0.5
270000;18;0.5
270000;21;0.5
270000;20;0.5
270000;22;0.5
270000;21;0.5
270000;20;0.5
270000;20;0.5
270000;20;0.5
270000;19;0.5
270000;20;0.5
270000;23;0.5
270000;20;0.5
270000;24;0.5
270000;21;0.5
270000;21;0.5
270000;19;0.5
270000;21;0.5
270000;22;0.5
270000;19;0.5
270000;19;0.5
280000;19;0.5
280000;25;0.5
280000;22;0.5
280000;19;0.5
280000;21;0.5
280000;22;0.5
280000;20;0.5
280000;19;0.5
280000;20;0.5
280000;23;0.5
280000;19;0.5
280000;22;0.5
280000;20;0.5
280000;22;0.5
280000;19;0.5
280000;21;0.5
280000;18;0.5
280000;20;0.5
280000;19;0.5
280000;22;0.5
280000;19;0.5
280000;20;0.5
280000;19;0.5
280000;17;0.5
280000;19;0.5
280000;20;0.5
280000;26;0.5
280000;23;0.5
280000;20;0.5
280000;21;0.5
280000;23;0.5
280000;22;0.5
280000;20;0.5
280000;19;0.5
280000;19;0.5
280000;20;0.5
280000;20;0.5
280000;18;0.5
280000;20;0.5
280000;19;0.5
280000;19;0.5
280000;21;0.5
280000;18;0.5
280000;19;0.5
280000;20;0.5
280000;20;0.5
280000;20;0.5
280000;20;0.5
280000;22;0.5
280000;20;0.5
290000;27;0.5
290000;19;0.5
290000;22;0.5
290000;21;0.5
290000;22;0.5
290000;20;0.5
290000;20;0.5
290000;23;0.5
290000;25;0.5
290000;20;0.5
290000;19;0.5
290000;21;0.5
290000;18;0.5
290000;24;0.5
290000;19;0.5
290000;18;0.5
290000;25;0.5
290000;23;0.5
290000;20;0.5
290000;20;0.5
290000;25;0.5
290000;20;0.5
290000;19;0.5
290000;21;0.5
290000;21;0.5
290000;20;0.5
290000;18;0.5
290000;19;0.5
290000;21;0.5
290000;19;0.5
290000;20;0.5
290000;18;0.5
290000;22;0.5
290000;20;0.5
290000;23;0.5
290000;24;0.5
290000;23;0.5
290000;21;0.5
290000;18;0.5
290000;22;0.5
290000;21;0.5
290000;18;0.5
290000;22;0.5
290000;20;0.5
290000;17;0.5
290000;19;0.5
290000;22;0.5
290000;19;0.5
290000;21;0.5
290000;22;0.5
300000;21;0.5
300000;19;0.5
300000;24;0.5
300000;19;0.5
300000;18;0.5
300000;21;0.5
300000;22;0.5
300000;25;0.5
300000;20;0.5
300000;20;0.5
300000;22;0.5
300000;20;0.5
300000;20;0.5
300000;18;0.5
300000;21;0.5
300000;20;0.5
300000;19;0.5
300000;20;0.5
300000;19;0.5
300000;21;0.5
300000;21;0.5
300000;22;0.5
300000;20;0.5
300000;20;0.5
300000;23;0.5
300000;22;0.5
300000;19;0.5
300000;22;0.5
300000;21;0.5
300000;20;0.5
300000;18;0.5
300000;23;0.5
300000;22;0.5
300000;20;0.5
300000;25;0.5
300000;20;0.5
300000;20;0.5
300000;22;0.5
300000;19;0.5
300000;21;0.5
300000;19;0.5
300000;20;0.5
300000;18;0.5
300000;23;0.5
300000;20;0.5
300000;19;0.5
300000;21;0.5
300000;22;0.5
300000;19;0.5
300000;20;0.5
310000;19;0.5
310000;19;0.5
310000;19;0.5
310000;18;0.5
310000;21;0.5
310000;22;0.5
310000;21;0.5
310000;19;0.5
310000;25;0.5
310000;20;0.5
310000;19;0.5
310000;22;0.5
310000;21;0.5
310000;20;0.5
310000;21;0.5
310000;20;0.5
310000;19;0.5
310000;19;0.5
310000;23;0.5
310000;21;0.5
310000;19;0.5
310000;21;0.5
310000;19;0.5
310000;24;0.5
310000;22;0.5
310000;19;0.5
310000;21;0.5
310000;20;0.5
310000;20;0.5
310000;20;0.5
310000;21;0.5
310000;24;0.5
310000;19;0.5
310000;20;0.5
310000;23;0.5
310000;19;0.5
310000;21;0.5
310000;20;0.5
310000;19;0.5
310000;21;0.5
310000;21;0.5
310000;21;0.5
310000;20;0.5
310000;22;0.5
310000;21;0.5
310000;19;0.5
310000;19;0.5
310000;20;0.5
310000;19;0.5
310000;18;0.5
320000;21;0.5
320000;21;0.5
320000;23;0.5
320000;20;0.5
320000;21;0.5
320000;23;0.5
320000;23;0.5
320000;22;0.5
320000;20;0.5
320000;21;0.5
320000;22;0.5
320000;19;0.5
320000;19;0.5
320000;22;0.5
320000;23;0.5
320000;19;0.5
320000;21;0.5
320000;20;0.5
320000;19;0.5
320000;18;0.5
320000;20;0.5
320000;19;0.5
320000;22;0.5
320000;19;0.5
320000;26;0.5
320000;23;0.5
320000;29;0.5
320000;22;0.5
320000;19;0.5
320000;21;0.5
320000;20;0.5
320000;21;0.5
320000;22;0.5
320000;21;0.5
320000;22;0.5
320000;22;0.5
320000;22;0.5
320000;21;0.5
320000;18;0.5
320000;22;0.5
320000;20;0.5
320000;18;0.5
320000;24;0.5
320000;21;0.5
320000;21;0.5
320000;20;0.5
320000;20;0.5
320000;18;0.5
320000;18;0.5
320000;26;0.5
330000;18;0.5
330000;21;0.5
330000;22;0.5
330000;22;0.5
330000;21;0.5
330000;21;0.5
330000;20;0.5
330000;20;0.5
330000;21;0.5
330000;20;0.5
330000;21;0.5
330000;20;0.5
330000;23;0.5
330000;22;0.5
330000;21;0.5
330000;19;0.5
330000;21;0.5
330000;21;0.5
330000;22;0.5
330000;21;0.5
330000;19;0.5
330000;20;0.5
330000;21;0.5
330000;20;0.5
330000;20;0.5
330000;20;0.5
330000;25;0.5
330000;20;0.5
330000;20;0.5
330000;20;0.5
330000;18;0.5
330000;19;0.5
330000;19;0.5
330000;18;0.5
330000;20;0.5
330000;20;0.5
330000;21;0.5
330000;20;0.5
330000;20;0.5
330000;20;0.5
330000;19;0.5
330000;23;0.5
330000;20;0.5
330000;20;0.5
330000;26;0.5
330000;19;0.5
330000;23;0.5
330000;19;0.5
330000;21;0.5
330000;23;0.5
340000;20;0.5
340000;20;0.5
340000;22;0.5
340000;19;0.5
340000;17;0.5
340000;20;0.5
340000;19;0.5
340000;21;0.5
340000;20;0.5
340000;21;0.5
340000;20;0.5
340000;20;0.5
340000;22;0.5
340000;20;0.5
340000;20;0.5
340000;21;0.5
340000;20;0.5
340000;23;0.5
340000;20;0.5
340000;21;0.5
340000;21;0.5
340000;21;0.5
340000;20;0.5
340000;20;0.5
340000;18;0.5
340000;26;0.5
340000;20;0.5
340000;20;0.5
340000;17;0.5
340000;21;0.5
340000;22;0.5
340000;21;0.5
340000;19;0.5
340000;21;0.5
340000;18;0.5
340000;23;0.5
340000;21;0.5
340000;21;0.5
340000;20;0.5
340000;20;0.5
340000;23;0.5
340000;22;0.5
340000;20;0.5
340000;19;0.5
340000;24;0.5
340000;20;0.5
340000;23;0.5
340000;18;0.5
340000;20;0.5
340000;19;0.5
350000;20;0.5
350000;21;0.5
350000;19;0.5
350000;19;0.5
350000;26;0.5
350000;20;0.5
350000;18;0.5
350000;19;0.5
350000;25;0.5
350000;19;0.5
350000;23;0.5
350000;21;0.5
350000;19;0.5
350000;21;0.5
350000;19;0.5
350000;19;0.5
350000;20;0.5
350000;23;0.5
350000;21;0.5
350000;19;0.5
350000;22;0.5
350000;21;0.5
350000;20;0.5
350000;23;0.5
350000;20;0.5
350000;22;0.5
350000;19;0.5
350000;19;0.5
350000;22;0.5
350000;20;0.5
350000;21;0.5
350000;20;0.5
350000;21;0.5
350000;23;0.5
350000;18;0.5
350000;19;0.5
350000;19;0.5
350000;21;0.5
350000;20;0.5
350000;21;0.5
350000;18;0.5
350000;24;0.5
350000;23;0.5
350000;20;0.5
350000;22;0.5
350000;19;0.5
350000;20;0.5
350000;19;0.5
350000;19;0.5
350000;19;0.5
360000;23;0.5
360000;24;0.5
360000;21;0.5
360000;20;0.5
360000;19;0.5
360000;20;0.5
360000;21;0.5
360000;19;0.5
360000;19;0.5
360000;19;0.5
360000;24;0.5
360000;22;0.5
360000;20;0.5
360000;23;0.5
360000;20;0.5
360000;21;0.5
360000;20;0.5
360000;24;0.5
360000;20;0.5
360000;26;0.5
360000;19;0.5
360000;21;0.5
360000;20;0.5
360000;19;0.5
360000;19;0.5
360000;20;0.5
360000;19;0.5
360000;19;0.5
360000;20;0.5
360000;23;0.5
360000;21;0.5
360000;24;0.5
360000;20;0.5
360000;21;0.5
360000;20;0.5
360000;24;0.5
360000;20;0.5
360000;22;0.5
360000;31;0.5
360000;21;0.5
360000;20;0.5
360000;24;0.5
360000;20;0.5
360000;22;0.5
360000;21;0.5
360000;19;0.5
360000;19;0.5
360000;19;0.5
360000;21;0.5
360000;20;0.5
370000;19;0.5
370000;19;0.5
370000;20;0.5
370000;20;0.5
370000;21;0.5
370000;19;0.5
370000;22;0.5
370000;19;0.5
370000;21;0.5
370000;20;0.5
370000;18;0.5
370000;21;0.5
370000;19;0.5
370000;19;0.5
370000;23;0.5
370000;20;0.5
370000;19;0.5
370000;20;0.5
370000;20;0.5
370000;19;0.5
370000;20;0.5
370000;20;0.5
370000;19;0.5
370000;21;0.5
370000;24;0.5
370000;21;0.5
370000;20;0.5
370000;19;0.5
370000;22;0.5
370000;24;0.5
370000;21;0.5
370000;21;0.5
370000;24;0.5
370000;20;0.5
370000;20;0.5
370000;21;0.5
370000;19;0.5
370000;20;0.5
370000;21;0.5
370000;22;0.5
370000;21;0.5
370000;18;0.5
370000;25;0.5
370000;21;0.5
370000;20;0.5
370000;19;0.5
370000;17;0.5
370000;18;0.5
370000;23;0.5
370000;18;0.5
380000;20;0.5
380000;19;0.5
380000;19;0.5
380000;21;0.5
380000;28;0.5
380000;21;0.5
380000;19;0.5
380000;21;0.5
380000;22;0.5
380000;20;0.5
380000;19;0.5
380000;22;0.5
380000;21;0.5
380000;18;0.5
380000;21;0.5
380000;22;0.5
380000;20;0.5
380000;20;0.5
380000;25;0.5
380000;21;0.5
380000;20;0.5
380000;19;0.5
380000;20;0.5
380000;22;0.5
380000;20;0.5
380000;22;0.5
380000;22;0.5
380000;23;0.5
380000;23;0.5
380000;20;0.5
380000;19;0.5
380000;27;0.5
380000;24;0.5
380000;20;0.5
380000;20;0.5
380000;20;0.5
380000;23;0.5
380000;19;0.5
380000;21;0.5
380000;24;0.5
380000;23;0.5
380000;21;0.5
380000;18;0.5
380000;19;0.5
380000;20;0.5
380000;19;0.5
380000;24;0.5
380000;23;0.5
380000;20;0.5
380000;21;0.5
390000;20;0.5
390000;24;0.5
390000;22;0.5
390000;21;0.5
390000;20;0.5
390000;22;0.5
390000;21;0.5
390000;21;0.5
390000;21;0.5
390000;19;0.5
390000;21;0.5
390000;26;0.5
390000;21;0.5
390000;20;0.5
390000;21;0.5
390000;23;0.5
390000;22;0.5
390000;20;0.5
390000;20;0.5
390000;19;0.5
390000;19;0.5
390000;21;0.5
390000;20;0.5
390000;20;0.5
390000;20;0.5
390000;23;0.5
390000;19;0.5
390000;20;0.5
390000;21;0.5
390000;19;0.5
390000;19;0.5
390000;20;0.5
390000;20;0.5
390000;25;0.5
390000;19;0.5
390000;29;0.5
390000;21;0.5
390000;19;0.5
390000;19;0.5
390000;21;0.5
390000;21;0.5
390000;21;0.5
390000;21;0.5
390000;20;0.5
390000;18;0.5
390000;20;0.5
390000;22;0.5
390000;21;0.5
390000;22;0.5
390000;24;0.5
400000;23;0.5
400000;22;0.5
400000;25;0.5
400000;22;0.5
400000;20;0.5
400000;20;0.5
400000;19;0.5
400000;21;0.5
400000;20;0.5
400000;19;0.5
400000;21;0.5
400000;21;0.5
400000;20;0.5
400000;20;0.5
400000;20;0.5
400000;20;0.5
400000;20;0.5
400000;24;0.5
400000;21;0.5
400000;22;0.5
400000;21;0.5
400000;23;0.5
400000;19;0.5
400000;22;0.5
400000;23;0.5
400000;23;0.5
400000;19;0.5
400000;21;0.5
400000;20;0.5
400000;19;0.5
400000;21;0.5
400000;23;0.5
400000;19;0.5
400000;21;0.5
400000;22;0.5
400000;22;0.5
400000;22;0.5
400000;22;0.5
400000;21;0.5
400000;20;0.5
400000;20;0.5
400000;20;0.5
400000;23;0.5
400000;20;0.5
400000;18;0.5
400000;23;0.5
400000;21;0.5
400000;19;0.5
400000;20;0.5
400000;21;0.5
410000;23;0.5
410000;22;0.5
410000;21;0.5
410000;22;0.5
410000;19;0.5
410000;23;0.5
410000;20;0.5
410000;23;0.5
410000;24;0.5
410000;21;0.5
410000;21;0.5
410000;21;0.5
410000;22;0.5
410000;22;0.5
410000;21;0.5
410000;20;0.5
410000;20;0.5
410000;19;0.5
410000;20;0.5
410000;20;0.5
410000;23;0.5
410000;23;0.5
410000;22;0.5
410000;27;0.5
410000;19;0.5
410000;19;0.5
410000;20;0.5
410000;21;0.5
410000;19;0.5
410000;21;0.5
410000;21;0.5
410000;22;0.5
410000;22;0.5
410000;18;0.5
410000;21;0.5
410000;21;0.5
410000;23;0.5
410000;20;0.5
410000;18;0.5
410000;21;0.5
410000;18;0.5
410000;19;0.5
410000;20;0.5
410000;20;0.5
410000;23;0.5
410000;23;0.5
410000;27;0.5
410000;23;0.5
410000;24;0.5
410000;21;0.5
420000;21;0.5
420000;20;0.5
420000;22;0.5
420000;18;0.5
420000;20;0.5
420000;22;0.5
420000;19;0.5
420000;22;0.5
420000;24;0.5
420000;19;0.5
420000;20;0.5
420000;20;0.5
420000;21;0.5
420000;22;0.5
420000;19;0.5
420000;20;0.5
420000;20;0.5
420000;22;0.5
420000;22;0.5
420000;19;0.5
420000;22;0.5
420000;27;0.5
420000;22;0.5
420000;20;0.5
420000;20;0.5
420000;22;0.5
420000;21;0.5
420000;20;0.5
420000;21;0.5
420000;18;0.5
420000;20;0.5
420000;19;0.5
420000;22;0.5
420000;19;0.5
420000;22;0.5
420000;21;0.5
420000;22;0.5
420000;19;0.5
420000;21;0.5
420000;19;0.5
420000;19;0.5
420000;20;0.5
420000;20;0.5
420000;22;0.5
420000;20;0.5
420000;23;0.5
420000;22;0.5
420000;24;0.5
420000;20;0.5
420000;21;0.5
430000;21;0.5
430000;20;0.5
430000;23;0.5
430000;22;0.5
430000;22;0.5
430000;20;0.5
430000;24;0.5
430000;24;0.5
430000;23;0.5
430000;25;0.5
430000;21;0.5
430000;21;0.5
430000;19;0.5
430000;22;0.5
430000;18;0.5
430000;21;0.5
430000;20;0.5
430000;20;0.5
430000;20;0.5
430000;21;0.5
430000;21;0.5
430000;19;0.5
430000;20;0.5
430000;21;0.5
430000;20;0.5
430000;20;0.5
430000;18;0.5
430000;20;0.5
430000;24;0.5
430000;20;0.5
430000;20;0.5
430000;20;0.5
430000;23;0.5
430000;19;0.5
430000;19;0.5
430000;22;0.5
430000;19;0.5
430000;20;0.5
430000;19;0.5
430000;22;0.5
430000;20;0.5
430000;19;0.5
430000;19;0.5
430000;21;0.5
430000;24;0.5
430000;22;0.5
430000;23;0.5
430000;20;0.5
430000;22;0.5
430000;19;0.5
440000;22;0.5
440000;20;0.5
440000;20;0.5
440000;20;0.5
440000;19;0.5
440000;19;0.5
440000;23;0.5
440000;20;0.5
440000;20;0.5
440000;20;0.5
440000;19;0.5
440000;21;0.5
440000;22;0.5
440000;19;0.5
440000;20;0.5
440000;21;0.5
440000;23;0.5
440000;20;0.5
440000;19;0.5
440000;19;0.5
440000;23;0.5
440000;22;0.5
440000;19;0.5
440000;22;0.5
440000;22;0.5
440000;19;0.5
440000;20;0.5
440000;23;0.5
440000;21;0.5
440000;17;0.5
440000;26;0.5
440000;23;0.5
440000;21;0.5
440000;19;0.5
440000;22;0.5
440000;24;0.5
440000;19;0.5
440000;21;0.5
440000;20;0.5
440000;21;0.5
440000;19;0.5
440000;20;0.5
440000;18;0.5
440000;22;0.5
440000;19;0.5
440000;21;0.5
440000;21;0.5
440000;21;0.5
440000;22;0.5
440000;20;0.5
450000;21;0.5
450000;21;0.5
450000;23;0.5
450000;22;0.5
450000;22;0.5
450000;20;0.5
450000;18;0.5
450000;21;0.5
450000;19;0.5
450000;20;0.5
450000;21;0.5
450000;24;0.5
450000;22;0.5
450000;21;0.5
450000;23;0.5
450000;22;0.5
450000;23;0.5
450000;23;0.5
450000;21;0.5
450000;22;0.5
450000;20;0.5
450000;21;0.5
450000;19;0.5
450000;19;0.5
450000;19;0.5
450000;22;0.5
450000;20;0.5
450000;20;0.5
450000;21;0.5
450000;19;0.5
450000;20;0.5
450000;22;0.5
450000;21;0.5
450000;20;0.5
450000;27;0.5
450000;20;0.5
450000;21;0.5
450000;21;0.5
450000;20;0.5
450000;19;0.5
450000;20;0.5
450000;18;0.5
450000;20;0.5
450000;20;0.5
450000;20;0.5
450000;22;0.5
450000;21;0.5
450000;21;0.5
450000;21;0.5
450000;20;0.5
460000;21;0.5
460000;19;0.5
460000;21;0.5
460000;23;0.5
460000;19;0.5
460000;19;0.5
460000;22;0.5
460000;20;0.5
460000;20;0.5
460000;23;0.5
460000;23;0.5
460000;22;0.5
460000;19;0.5
460000;23;0.5
460000;20;0.5
460000;22;0.5
460000;20;0.5
460000;21;0.5
460000;21;0.5
460000;21;0.5
460000;19;0.5
460000;21;0.5
460000;21;0.5
460000;19;0.5
460000;20;0.5
460000;23;0.5
460000;20;0.5
460000;22;0.5
460000;20;0.5
460000;19;0.5
460000;20;0.5
460000;18;0.5
460000;19;0.5
460000;21;0.5
460000;19;0.5
460000;20;0.5
460000;20;0.5
460000;22;0.5
460000;21;0.5
460000;21;0.5
460000;21;0.5
460000;21;0.5
460000;19;0.5
460000;22;0.5
460000;19;0.5
460000;20;0.5
460000;21;0.5
460000;22;0.5
460000;22;0.5
460000;21;0.5
470000;21;0.5
470000;23;0.5
470000;19;0.5
470000;19;0.5
470000;23;0.5
470000;20;0.5
470000;19;0.5
470000;20;0.5
470000;22;0.5
470000;24;0.5
470000;19;0.5
470000;24;0.5
470000;24;0.5
470000;22;0.5
470000;20;0.5
470000;22;0.5
470000;22;0.5
470000;29;0.5
470000;24;0.5
470000;22;0.5
470000;19;0.5
470000;19;0.5
470000;19;0.5
470000;19;0.5
470000;21;0.5
470000;21;0.5
470000;24;0.5
470000;19;0.5
470000;20;0.5
470000;22;0.5
470000;20;0.5
470000;23;0.5
470000;21;0.5
470000;20;0.5
470000;20;0.5
470000;24;0.5
470000;21;0.5
470000;20;0.5
470000;20;0.5
470000;22;0.5
470000;24;0.5
470000;20;0.5
470000;19;0.5
470000;19;0.5
470000;21;0.5
470000;22;0.5
470000;18;0.5
470000;20;0.5
470000;21;0.5
470000;20;0.5
480000;22;0.5
480000;23;0.5
480000;23;0.5
480000;22;0.5
480000;24;0.5
480000;22;0.5
480000;25;0.5
480000;21;0.5
480000;20;0.5
480000;20;0.5
480000;19;0.5
480000;21;0.5
480000;20;0.5
480000;19;0.5
480000;22;0.5
480000;23;0.5
480000;21;0.5
480000;20;0.5
480000;22;0.5
480000;21;0.5
480000;22;0.5
480000;23;0.5
480000;20;0.5
480000;19;0.5
480000;21;0.5
480000;21;0.5
480000;21;0.5
480000;21;0.5
480000;20;0.5
480000;21;0.5
480000;22;0.5
480000;21;0.5
480000;20;0.5
480000;20;0.5
480000;21;0.5
480000;23;0.5
480000;21;0.5
480000;21;0.5
480000;19;0.5
480000;22;0.5
480000;20;0.5
480000;19;0.5
480000;23;0.5
480000;24;0.5
480000;21;0.5
480000;21;0.5
480000;21;0.5
480000;21;0.5
480000;23;0.5
480000;21;0.5
490000;25;0.5
490000;19;0.5
490000;21;0.5
490000;19;0.5
490000;22;0.5
490000;22;0.5
490000;20;0.5
490000;26;0.5
490000;21;0.5
490000;23;0.5
490000;21;0.5
490000;20;0.5
490000;20;0.5
490000;21;0.5
490000;19;0.5
490000;21;0.5
490000;19;0.5
490000;22;0.5
490000;22;0.5
490000;27;0.5
490000;18;0.5
490000;19;0.5
490000;22;0.5
490000;22;0.5
490000;23;0.5
490000;19;0.5
490000;23;0.5
490000;22;0.5
490000;21;0.5
490000;21;0.5
490000;20;0.5
490000;19;0.5
490000;21;0.5
490000;21;0.5
490000;19;0.5
490000;18;0.5
490000;21;0.5
490000;21;0.5
490000;23;0.5
490000;26;0.5
490000;20;0.5
490000;19;0.5
490000;20;0.5
490000;23;0.5
490000;21;0.5
490000;21;0.5
490000;19;0.5
490000;20;0.5
490000;23;0.5
490000;26;0.5
500000;19;0.5
500000;21;0.5
500000;19;0.5
500000;21;0.5
500000;20;0.5
500000;25;0.5
500000;25;0.5
500000;24;0.5
500000;27;0.5
500000;20;0.5
500000;19;0.5
500000;20;0.5
500000;20;0.5
500000;19;0.5
500000;20;0.5
500000;20;0.5
500000;20;0.5
500000;20;0.5
500000;19;0.5
500000;20;0.5
500000;20;0.5
500000;22;0.5
500000;20;0.5
500000;21;0.5
500000;19;0.5
500000;19;0.5
500000;21;0.5
500000;21;0.5
500000;21;0.5
500000;20;0.5
500000;19;0.5
500000;19;0.5
500000;23;0.5
500000;20;0.5
500000;20;0.5
500000;25;0.5
500000;21;0.5
500000;18;0.5
500000;25;0.5
500000;21;0.5
500000;23;0.5
500000;19;0.5
500000;23;0.5
500000;19;0.5
500000;20;0.5
500000;21;0.5
500000;21;0.5
500000;21;0.5
500000;24;0.5
500000;21;0.5
510000;20;0.5
510000;21;0.5
510000;22;0.5
510000;24;0.5
510000;24;0.5
510000;22;0.5
510000;21;0.5
510000;24;0.5
510000;21;0.5
510000;21;0.5
510000;19;0.5
510000;23;0.5
510000;21;0.5
510000;22;0.5
510000;22;0.5
510000;25;0.5
510000;21;0.5
510000;22;0.5
510000;20;0.5
510000;23;0.5
510000;20;0.5
510000;20;0.5
510000;22;0.5
510000;20;0.5
510000;26;0.5
510000;21;0.5
510000;20;0.5
510000;20;0.5
510000;22;0.5
510000;23;0.5
510000;21;0.5
510000;29;0.5
510000;22;0.5
510000;20;0.5
510000;20;0.5
510000;21;0.5
510000;19;0.5
510000;21;0.5
510000;19;0.5
510000;23;0.5
510000;23;0.5
510000;22;0.5
510000;23;0.5
510000;19;0.5
510000;21;0.5
510000;21;0.5
510000;21;0.5
510000;21;0.5
510000;21;0.5
510000;25;0.5
520000;25;0.5
520000;19;0.5
520000;20;0.5
520000;23;0.5
520000;20;0.5
520000;24;0.5
520000;21;0.5
520000;20;0.5
520000;24;0.5
520000;19;0.5
520000;22;0.5
520000;20;0.5
520000;26;0.5
520000;20;0.5
520000;19;0.5
520000;22;0.5
520000;19;0.5
520000;20;0.5
520000;22;0.5
520000;21;0.5
520000;21;0.5
520000;22;0.5
520000;21;0.5
520000;22;0.5
520000;22;0.5
520000;20;0.5
520000;22;0.5
520000;21;0.5
520000;21;0.5
520000;25;0.5
520000;21;0.5
520000;20;0.5
520000;24;0.5
520000;23;0.5
520000;19;0.5
520000;21;0.5
520000;21;0.5
520000;22;0.5
520000;20;0.5
520000;24;0.5
520000;23;0.5
520000;20;0.5
520000;19;0.5
520000;20;0.5
520000;23;0.5
520000;21;0.5
520000;20;0.5
520000;21;0.5
520000;21;0.5
520000;21;0.5
530000;22;0.5
530000;21;0.5
530000;19;0.5
530000;21;0.5
530000;20;0.5
530000;20;0.5
530000;20;0.5
530000;22;0.5
530000;22;0.5
530000;22;0.5
530000;22;0.5
530000;23;0.5
530000;20;0.5
530000;22;0.5
530000;21;0.5
530000;21;0.5
530000;20;0.5
530000;26;0.5
530000;20;0.5
530000;20;0.5
530000;22;0.5
530000;20;0.5
530000;19;0.5
530000;21;0.5
530000;19;0.5
530000;21;0.5
530000;20;0.5
530000;21;0.5
530000;21;0.5
530000;20;0.5
530000;20;0.5
530000;21;0.5
530000;19;0.5
530000;22;0.5
530000;20;0.5
530000;21;0.5
530000;19;0.5
530000;18;0.5
530000;21;0.5
530000;20;0.5
530000;22;0.5
530000;20;0.5
530000;24;0.5
530000;21;0.5
530000;21;0.5
530000;23;0.5
530000;21;0.5
530000;20;0.5
530000;25;0.5
530000;22;0.5
540000;22;0.5
540000;21;0.5
540000;23;0.5
540000;20;0.5
540000;19;0.5
540000;20;0.5
540000;20;0.5
540000;19;0.5
540000;21;0.5
540000;21;0.5
540000;21;0.5
540000;19;0.5
540000;20;0.5
540000;23;0.5
540000;21;0.5
540000;27;0.5
540000;20;0.5
540000;20;0.5
540000;19;0.5
540000;22;0.5
540000;19;0.5
540000;20;0.5
540000;23;0.5
540000;21;0.5
540000;22;0.5
540000;22;0.5
540000;22;0.5
540000;19;0.5
540000;22;0.5
540000;22;0.5
540000;19;0.5
540000;22;0.5
540000;21;0.5
540000;23;0.5
540000;20;0.5
540000;27;0.5
540000;22;0.5
540000;21;0.5
540000;21;0.5
540000;21;0.5
540000;22;0.5
540000;20;0.5
540000;19;0.5
540000;22;0.5
540000;29;0.5
540000;21;0.5
540000;20;0.5
540000;22;0.5
540000;24;0.5
540000;24;0.5
550000;24;0.5
550000;21;0.5
550000;21;0.5
550000;20;0.5
550000;20;0.5
550000;22;0.5
550000;23;0.5
550000;23;0.5
550000;22;0.5
550000;25;0.5
550000;23;0.5
550000;20;0.5
550000;21;0.5
550000;21;0.5
550000;22;0.5
550000;19;0.5
550000;22;0.5
550000;23;0.5
550000;22;0.5
550000;22;0.5
550000;26;0.5
550000;19;0.5
550000;21;0.5
550000;21;0.5
550000;22;0.5
550000;22;0.5
550000;21;0.5
550000;20;0.5
550000;21;0.5
550000;20;0.5
550000;23;0.5
550000;22;0.5
550000;21;0.5
550000;21;0.5
550000;23;0.5
550000;20;0.5
550000;25;0.5
550000;22;0.5
550000;20;0.5
550000;20;0.5
550000;20;0.5
550000;22;0.5
550000;22;0.5
550000;21;0.5
550000;22;0.5
550000;19;0.5
550000;21;0.5
550000;23;0.5
550000;21;0.5
550000;19;0.5
560000;22;0.5
560000;20;0.5
560000;19;0.5
560000;20;0.5
560000;22;0.5
560000;20;0.5
560000;20;0.5
560000;19;0.5
560000;20;0.5
560000;21;0.5
560000;21;0.5
560000;24;0.5
560000;24;0.5
560000;21;0.5
560000;19;0.5
560000;20;0.5
560000;21;0.5
560000;20;0.5
560000;23;0.5
560000;19;0.5
560000;24;0.5
560000;22;0.5
560000;22;0.5
560000;21;0.5
560000;21;0.5
560000;21;0.5
560000;20;0.5
560000;19;0.5
560000;23;0.5
560000;19;0.5
560000;19;0.5
560000;20;0.5
560000;22;0.5
560000;24;0.5
560000;24;0.5
560000;21;0.5
560000;24;0.5
560000;20;0.5
560000;21;0.5
560000;26;0.5
560000;22;0.5
560000;26;0.5
560000;19;0.5
560000;20;0.5
560000;20;0.5
560000;23;0.5
560000;21;0.5
560000;19;0.5
560000;20;0.5
560000;20;0.5
570000;23;0.5
570000;20;0.5
570000;21;0.5
570000;21;0.5
570000;21;0.5
570000;21;0.5
570000;21;0.5
570000;20;0.5
570000;22;0.5
570000;23;0.5
570000;21;0.5
570000;20;0.5
570000;23;0.5
570000;26;0.5
570000;20;0.5
570000;20;0.5
570000;23;0.5
570000;21;0.5
570000;21;0.5
570000;19;0.5
570000;21;0.5
570000;26;0.5
570000;23;0.5
570000;23;0.5
570000;21;0.5
570000;19;0.5
570000;21;0.5
570000;20;0.5
570000;20;0.5
570000;22;0.5
570000;22;0.5
570000;22;0.5
570000;23;0.5
570000;20;0.5
570000;20;0.5
570000;21;0.5
570000;26;0.5
570000;20;0.5
570000;21;0.5
570000;24;0.5
570000;22;0.5
570000;22;0.5
570000;19;0.5
570000;23;0.5
570000;20;0.5
570000;21;0.5
570000;21;0.5
570000;20;0.5
570000;20;0.5
570000;22;0.5
580000;23;0.5
580000;19;0.5
580000;23;0.5
580000;22;0.5
580000;22;0.5
580000;23;0.5
580000;20;0.5
580000;19;0.5
580000;20;0.5
580000;21;0.5
580000;29;0.5
580000;21;0.5
580000;21;0.5
580000;21;0.5
580000;20;0.5
580000;23;0.5
580000;20;0.5
580000;20;0.5
580000;21;0.5
580000;20;0.5
580000;23;0.5
580000;20;0.5
580000;23;0.5
580000;28;0.5
580000;23;0.5
580000;25;0.5
580000;21;0.5
580000;24;0.5
580000;22;0.5
580000;28;0.5
580000;21;0.5
580000;23;0.5
580000;23;0.5
580000;21;0.5
580000;22;0.5
580000;20;0.5
580000;22;0.5
580000;22;0.5
580000;25;0.5
580000;21;0.5
580000;20;0.5
580000;26;0.5
580000;22;0.5
580000;24;0.5
580000;20;0.5
580000;24;0.5
580000;24;0.5
580000;21;0.5
580000;24;0.5
580000;22;0.5
590000;23;0.5
590000;24;0.5
590000;19;0.5
590000;22;0.5
590000;20;0.5
590000;22;0.5
590000;20;0.5
590000;21;0.5
590000;21;0.5
590000;22;0.5
590000;20;0.5
590000;20;0.5
590000;25;0.5
590000;24;0.5
590000;20;0.5
590000;19;0.5
590000;23;0.5
590000;22;0.5
590000;19;0.5
590000;22;0.5
590000;22;0.5
590000;23;0.5
590000;19;0.5
590000;20;0.5
590000;25;0.5
590000;22;0.5
590000;23;0.5
590000;22;0.5
590000;22;0.5
590000;24;0.5
590000;21;0.5
590000;23;0.5
590000;18;0.5
590000;20;0.5
590000;21;0.5
590000;20;0.5
590000;22;0.5
590000;22;0.5
590000;21;0.5
590000;19;0.5
590000;22;0.5
590000;20;0.5
590000;21;0.5
590000;22;0.5
590000;20;0.5
590000;26;0.5
590000;21;0.5
590000;21;0.5
590000;23;0.5
590000;22;0.5
600000;20;0.5
600000;20;0.5
600000;21;0.5
600000;23;0.5
600000;22;0.5
600000;23;0.5
600000;20;0.5
600000;22;0.5
600000;20;0.5
600000;22;0.5
600000;23;0.5
600000;25;0.5
600000;19;0.5
600000;20;0.5
600000;22;0.5
600000;20;0.5
600000;29;0.5
600000;21;0.5
600000;21;0.5
600000;23;0.5
600000;21;0.5
600000;19;0.5
600000;21;0.5
600000;22;0.5
600000;23;0.5
600000;20;0.5
600000;21;0.5
600000;18;0.5
600000;21;0.5
600000;22;0.5
600000;19;0.5
600000;21;0.5
600000;22;0.5
600000;19;0.5
600000;24;0.5
600000;22;0.5
600000;22;0.5
600000;22;0.5
600000;24;0.5
600000;25;0.5
600000;21;0.5
600000;23;0.5
600000;19;0.5
600000;21;0.5
600000;22;0.5
600000;20;0.5
600000;19;0.5
600000;22;0.5
600000;18;0.5
600000;20;0.5
610000;23;0.5
610000;21;0.5
610000;20;0.5
610000;24;0.5
610000;21;0.5
610000;21;0.5
610000;19;0.5
610000;23;0.5
610000;20;0.5
610000;19;0.5
610000;21;0.5
610000;20;0.5
610000;21;0.5
610000;22;0.5
610000;21;0.5
610000;22;0.5
610000;21;0.5
610000;21;0.5
610000;22;0.5
610000;21;0.5
610000;21;0.5
610000;20;0.5
610000;21;0.5
610000;21;0.5
610000;20;0.5
610000;20;0.5
610000;20;0.5
610000;19;0.5
610000;22;0.5
610000;21;0.5
610000;21;0.5
610000;20;0.5
610000;22;0.5
610000;22;0.5
610000;20;0.5
610000;19;0.5
610000;20;0.5
610000;24;0.5
610000;20;0.5
610000;25;0.5
610000;21;0.5
610000;22;0.5
610000;23;0.5
610000;20;0.5
610000;21;0.5
610000;22;0.5
610000;22;0.5
610000;23;0.5
610000;22;0.5
610000;25;0.5
620000;26;0.5
620000;19;0.5
620000;25;0.5
620000;22;0.5
620000;20;0.5
620000;21;0.5
620000;22;0.5
620000;19;0.5
620000;20;0.5
620000;19;0.5
620000;22;0.5
620000;19;0.5
620000;22;0.5
620000;23;0.5
620000;20;0.5
620000;20;0.5
620000;24;0.5
620000;23;0.5
620000;22;0.5
620000;24;0.5
620000;19;0.5
620000;21;0.5
620000;19;0.5
620000;21;0.5
620000;20;0.5
620000;18;0.5
620000;25;0.5
620000;22;0.5
620000;20;0.5
620000;20;0.5
620000;20;0.5
620000;20;0.5
620000;23;0.5
620000;22;0.5
620000;20;0.5
620000;25;0.5
620000;22;0.5
620000;21;0.5
620000;21;0.5
620000;20;0.5
620000;19;0.5
620000;21;0.5
620000;21;0.5
620000;20;0.5
620000;19;0.5
620000;19;0.5
620000;22;0.5
620000;21;0.5
620000;23;0.5
620000;21;0.5
630000;23;0.5
630000;21;0.5
630000;18;0.5
630000;22;0.5
630000;25;0.5
630000;20;0.5
630000;18;0.5
630000;21;0.5
630000;22;0.5
630000;31;0.5
630000;19;0.5
630000;20;0.5
630000;25;0.5
630000;23;0.5
630000;24;0.5
630000;21;0.5
630000;22;0.5
630000;21;0.5
630000;27;0.5
630000;21;0.5
630000;22;0.5
630000;21;0.5
630000;22;0.5
630000;23;0.5
630000;22;0.5
630000;19;0.5
630000;23;0.5
630000;22;0.5
630000;24;0.5
630000;22;0.5
630000;21;0.5
630000;22;0.5
630000;21;0.5
630000;22;0.5
630000;23;0.5
630000;22;0.5
630000;21;0.5
630000;23;0.5
630000;21;0.5
630000;20;0.5
630000;23;0.5
630000;20;0.5
630000;21;0.5
630000;24;0.5
630000;19;0.5
630000;19;0.5
630000;21;0.5
630000;25;0.5
630000;22;0.5
630000;21;0.5
640000;24;0.5
640000;21;0.5
640000;23;0.5
640000;20;0.5
640000;21;0.5
640000;20;0.5
640000;19;0.5
640000;22;0.5
640000;21;0.5
640000;21;0.5
640000;23;0.5
640000;27;0.5
640000;22;0.5
640000;21;0.5
640000;21;0.5
640000;22;0.5
640000;24;0.5
640000;21;0.5
640000;21;0.5
640000;22;0.5
640000;20;0.5
640000;21;0.5
640000;25;0.5
640000;22;0.5
640000;22;0.5
640000;22;0.5
640000;20;0.5
640000;23;0.5
640000;22;0.5
640000;19;0.5
640000;20;0.5
640000;24;0.5
640000;28;0.5
640000;20;0.5
640000;20;0.5
640000;21;0.5
640000;27;0.5
640000;24;0.5
640000;24;0.5
640000;23;0.5
640000;19;0.5
640000;23;0.5
640000;22;0.5
640000;21;0.5
640000;20;0.5
640000;21;0.5
640000;23;0.5
640000;22;0.5
640000;19;0.5
640000;21;0.5
650000;24;0.5
650000;23;0.5
650000;26;0.5
650000;20;0.5
650000;22;0.5
650000;20;0.5
650000;21;0.5
650000;22;0.5
650000;26;0.5
650000;22;0.5
650000;22;0.5
650000;20;0.5
650000;23;0.5
650000;23;0.5
650000;24;0.5
650000;20;0.5
650000;25;0.5
650000;24;0.5
650000;25;0.5
650000;20;0.5
650000;22;0.5
650000;22;0.5
650000;20;0.5
650000;21;0.5
650000;20;0.5
650000;21;0.5
650000;23;0.5
650000;21;0.5
650000;20;0.5
650000;19;0.5
650000;21;0.5
650000;22;0.5
650000;20;0.5
650000;20;0.5
650000;24;0.5
650000;20;0.5
650000;20;0.5
650000;22;0.5
650000;22;0.5
650000;22;0.5
650000;20;0.5
650000;25;0.5
650000;19;0.5
650000;20;0.5
650000;23;0.5
650000;19;0.5
650000;23;0.5
650000;22;0.5
650000;20;0.5
650000;22;0.5
660000;22;0.5
660000;22;0.5
660000;21;0.5
660000;20;0.5
660000;22;0.5
660000;22;0.5
660000;26;0.5
660000;22;0.5
660000;21;0.5
660000;23;0.5
660000;24;0.5
660000;19;0.5
660000;21;0.5
660000;20;0.5
660000;26;0.5
660000;25;0.5
660000;21;0.5
660000;23;0.5
660000;18;0.5
660000;20;0.5
660000;20;0.5
660000;20;0.5
660000;22;0.5
660000;21;0.5
660000;20;0.5
660000;23;0.5
660000;20;0.5
660000;22;0.5
660000;22;0.5
660000;19;0.5
660000;19;0.5
660000;20;0.5
660000;22;0.5
660000;20;0.5
660000;23;0.5
660000;21;0.5
660000;22;0.5
660000;20;0.5
660000;21;0.5
660000;20;0.5
660000;25;0.5
660000;20;0.5
660000;30;0.5
660000;21;0.5
660000;21;0.5
660000;19;0.5
660000;23;0.5
660000;22;0.5
660000;21;0.5
660000;22;0.5
670000;20;0.5
670000;21;0.5
670000;20;0.5
670000;24;0.5
670000;20;0.5
670000;24;0.5
670000;21;0.5
670000;21;0.5
670000;21;0.5
670000;20;0.5
670000;21;0.5
670000;19;0.5
670000;21;0.5
670000;23;0.5
670000;21;0.5
670000;22;0.5
670000;24;0.5
670000;21;0.5
670000;20;0.5
670000;22;0.5
670000;20;0.5
670000;21;0.5
670000;21;0.5
670000;25;0.5
670000;26;0.5
670000;20;0.5
670000;22;0.5
670000;20;0.5
670000;24;0.5
670000;22;0.5
670000;24;0.5
670000;21;0.5
670000;22;0.5
670000;20;0.5
670000;20;0.5
670000;20;0.5
670000;22;0.5
670000;21;0.5
670000;18;0.5
670000;21;0.5
670000;21;0.5
670000;23;0.5
670000;23;0.5
670000;29;0.5
670000;23;0.5
670000;20;0.5
670000;24;0.5
670000;20;0.5
670000;24;0.5
670000;22;0.5
680000;21;0.5
680000;20;0.5
680000;21;0.5
680000;21;0.5
680000;22;0.5
680000;22;0.5
680000;21;0.5
680000;20;0.5
680000;30;0.5
680000;27;0.5
680000;21;0.5
680000;25;0.5
680000;23;0.5
680000;23;0.5
680000;24;0.5
680000;19;0.5
680000;22;0.5
680000;24;0.5
680000;23;0.5
680000;23;0.5
680000;21;0.5
680000;20;0.5
680000;22;0.5
680000;20;0.5
680000;20;0.5
680000;20;0.5
680000;21;0.5
680000;20;0.5
680000;22;0.5
680000;22;0.5
680000;25;0.5
680000;20;0.5
680000;23;0.5
680000;23;0.5
680000;22;0.5
680000;20;0.5
680000;22;0.5
680000;20;0.5
680000;20;0.5
680000;21;0.5
680000;23;0.5
680000;18;0.5
680000;32;0.5
680000;21;0.5
680000;25;0.5
680000;22;0.5
680000;22;0.5
680000;21;0.5
680000;23;0.5
680000;20;0.5
690000;22;0.5
690000;23;0.5
690000;22;0.5
690000;21;0.5
690000;22;0.5
690000;22;0.5
690000;21;0.5
690000;20;0.5
690000;22;0.5
690000;21;0.5
690000;22;0.5
690000;21;0.5
690000;21;0.5
690000;22;0.5
690000;26;0.5
690000;22;0.5
690000;22;0.5
690000;23;0.5
690000;20;0.5
690000;23;0.5
690000;23;0.5
690000;21;0.5
690000;24;0.5
690000;19;0.5
690000;23;0.5
690000;20;0.5
690000;20;0.5
690000;22;0.5
690000;26;0.5
690000;21;0.5
690000;24;0.5
690000;22;0.5
690000;20;0.5
690000;21;0.5
690000;22;0.5
690000;23;0.5
690000;24;0.5
690000;24;0.5
690000;21;0.5
690000;24;0.5
690000;19;0.5
690000;22;0.5
690000;20;0.5
690000;25;0.5
690000;20;0.5
690000;22;0.5
690000;21;0.5
690000;21;0.5
690000;22;0.5
690000;23;0.5
700000;21;0.5
700000;25;0.5
700000;22;0.5
700000;21;0.5
700000;20;0.5
700000;21;0.5
700000;20;0.5
700000;21;0.5
700000;21;0.5
700000;19;0.5
700000;21;0.5
700000;22;0.5
700000;22;0.5
700000;21;0.5
700000;25;0.5
700000;23;0.5
700000;21;0.5
700000;20;0.5
700000;23;0.5
700000;21;0.5
700000;18;0.5
700000;23;0.5
700000;25;0.5
700000;20;0.5
700000;23;0.5
700000;25;0.5
700000;20;0.5
700000;21;0.5
700000;20;0.5
700000;24;0.5
700000;25;0.5
700000;19;0.5
700000;25;0.5
700000;24;0.5
700000;21;0.5
700000;20;0.5
700000;20;0.5
700000;21;0.5
700000;22;0.5
700000;21;0.5
700000;20;0.5
700000;22;0.5
700000;20;0.5
700000;21;0.5
700000;21;0.5
700000;22;0.5
700000;22;0.5
700000;24;0.5
700000;23;0.5
700000;21;0.5
710000;22;0.5
710000;22;0.5
710000;20;0.5
710000;21;0.5
710000;21;0.5
710000;21;0.5
710000;26;0.5
710000;30;0.5
710000;25;0.5
710000;22;0.5
710000;24;0.5
710000;20;0.5
710000;20;0.5
710000;22;0.5
710000;21;0.5
710000;22;0.5
710000;22;0.5
710000;20;0.5
710000;22;0.5
710000;21;0.5
710000;21;0.5
710000;21;0.5
710000;22;0.5
710000;22;0.5
710000;24;0.5
710000;22;0.5
710000;26;0.5
710000;22;0.5
710000;27;0.5
710000;21;0.5
710000;20;0.5
710000;23;0.5
710000;26;0.5
710000;19;0.5
710000;21;0.5
710000;23;0.5
710000;22;0.5
710000;18;0.5
710000;21;0.5
710000;22;0.5
710000;22;0.5
710000;23;0.5
710000;25;0.5
710000;29;0.5
710000;22;0.5
710000;21;0.5
710000;21;0.5
710000;25;0.5
710000;21;0.5
710000;20;0.5
720000;22;0.5
720000;21;0.5
720000;19;0.5
720000;20;0.5
720000;20;0.5
720000;21;0.5
720000;20;0.5
720000;19;0.5
720000;22;0.5
720000;22;0.5
720000;19;0.5
720000;20;0.5
720000;22;0.5
720000;19;0.5
720000;20;0.5
720000;24;0.5
720000;23;0.5
720000;23;0.5
720000;22;0.5
720000;21;0.5
720000;27;0.5
720000;22;0.5
720000;22;0.5
720000;29;0.5
720000;20;0.5
720000;21;0.5
720000;23;0.5
720000;19;0.5
720000;22;0.5
720000;24;0.5
720000;23;0.5
720000;21;0.5
720000;25;0.5
720000;25;0.5
720000;20;0.5
720000;20;0.5
720000;24;0.5
720000;19;0.5
720000;20;0.5
720000;21;0.5
720000;21;0.5
720000;22;0.5
720000;22;0.5
720000;23;0.5
720000;26;0.5
720000;23;0.5
720000;21;0.5
720000;21;0.5
720000;22;0.5
720000;22;0.5
730000;24;0.5
730000;21;0.5
730000;23;0.5
730000;25;0.5
730000;25;0.5
730000;21;0.5
730000;23;0.5
730000;23;0.5
730000;20;0.5
730000;22;0.5
730000;25;0.5
730000;23;0.5
730000;20;0.5
730000;22;0.5
730000;22;0.5
730000;21;0.5
730000;21;0.5
730000;23;0.5
730000;21;0.5
730000;21;0.5
730000;23;0.5
730000;20;0.5
730000;19;0.5
730000;21;0.5
730000;20;0.5
730000;22;0.5
730000;21;0.5
730000;21;0.5
730000;24;0.5
730000;21;0.5
730000;19;0.5
730000;20;0.5
730000;23;0.5
730000;19;0.5
730000;23;0.5
730000;20;0.5
730000;23;0.5
730000;25;0.5
730000;20;0.5
730000;23;0.5
730000;21;0.5
730000;19;0.5
730000;21;0.5
730000;20;0.5
730000;21;0.5
730000;25;0.5
730000;22;0.5
730000;25;0.5
730000;21;0.5
730000;24;0.5
740000;22;0.5
740000;23;0.5
740000;23;0.5
740000;23;0.5
740000;22;0.5
740000;23;0.5
740000;28;0.5
740000;23;0.5
740000;20;0.5
740000;21;0.5
740000;21;0.5
740000;22;0.5
740000;28;0.5
740000;23;0.5
740000;32;0.5
740000;22;0.5
740000;23;0.5
740000;20;0.5
740000;25;0.5
740000;21;0.5
740000;22;0.5
740000;21;0.5
740000;24;0.5
740000;20;0.5
740000;20;0.5
740000;22;0.5
740000;21;0.5
740000;22;0.5
740000;22;0.5
740000;20;0.5
740000;22;0.5
740000;20;0.5
740000;22;0.5
740000;22;0.5
740000;20;0.5
740000;19;0.5
740000;27;0.5
740000;25;0.5
740000;19;0.5
740000;20;0.5
740000;23;0.5
740000;20;0.5
740000;19;0.5
740000;21;0.5
740000;22;0.5
740000;19;0.5
740000;22;0.5
740000;19;0.5
740000;24;0.5
740000;20;0.5
750000;21;0.5
750000;24;0.5
750000;21;0.5
750000;22;0.5
750000;26;0.5
750000;24;0.5
750000;20;0.5
750000;22;0.5
750000;26;0.5
750000;24;0.5
750000;22;0.5
750000;20;0.5
750000;22;0.5
750000;23;0.5
750000;26;0.5
750000;20;0.5
750000;26;0.5
750000;21;0.5
750000;19;0.5
750000;24;0.5
750000;21;0.5
750000;21;0.5
750000;24;0.5
750000;21;0.5
750000;24;0.5
750000;25;0.5
750000;23;0.5
750000;22;0.5
750000;22;0.5
750000;21;0.5
750000;23;0.5
750000;19;0.5
750000;23;0.5
750000;22;0.5
750000;19;0.5
750000;24;0.5
750000;21;0.5
750000;20;0.5
750000;26;0.5
750000;22;0.5
750000;21;0.5
750000;26;0.5
750000;20;0.5
750000;21;0.5
750000;23;0.5
750000;21;0.5
750000;22;0.5
750000;21;0.5
750000;22;0.5
750000;23;0.5
760000;20;0.5
760000;22;0.5
760000;22;0.5
760000;21;0.5
760000;21;0.5
760000;20;0.5
760000;22;0.5
760000;24;0.5
760000;22;0.5
760000;26;0.5
760000;21;0.5
760000;21;0.5
760000;21;0.5
760000;21;0.5
760000;21;0.5
760000;19;0.5
760000;20;0.5
760000;20;0.5
760000;19;0.5
760000;22;0.5
760000;22;0.5
760000;24;0.5
760000;26;0.5
760000;22;0.5
760000;21;0.5
760000;22;0.5
760000;20;0.5
760000;21;0.5
760000;21;0.5
760000;21;0.5
760000;23;0.5
760000;24;0.5
760000;23;0.5
760000;22;0.5
760000;22;0.5
760000;21;0.5
760000;22;0.5
760000;21;0.5
760000;23;0.5
760000;24;0.5
760000;21;0.5
760000;22;0.5
760000;22;0.5
760000;21;0.5
760000;21;0.5
760000;24;0.5
760000;21;0.5
760000;20;0.5
760000;20;0.5
760000;23;0.5
770000;21;0.5
770000;22;0.5
770000;22;0.5
770000;20;0.5
770000;20;0.5
770000;21;0.5
770000;22;0.5
770000;21;0.5
770000;21;0.5
770000;21;0.5
770000;23;0.5
770000;24;0.5
770000;22;0.5
770000;22;0.5
770000;19;0.5
770000;20;0.5
770000;21;0.5
770000;24;0.5
770000;20;0.5
770000;21;0.5
770000;25;0.5
770000;20;0.5
770000;22;0.5
770000;19;0.5
770000;21;0.5
770000;21;0.5
770000;24;0.5
770000;21;0.5
770000;21;0.5
770000;24;0.5
770000;23;0.5
770000;23;0.5
770000;21;0.5
770000;22;0.5
770000;24;0.5
770000;21;0.5
770000;21;0.5
770000;20;0.5
770000;23;0.5
770000;22;0.5
770000;24;0.5
770000;23;0.5
770000;22;0.5
770000;21;0.5
770000;22;0.5
770000;19;0.5
770000;31;0.5
770000;21;0.5
770000;20;0.5
770000;24;0.5
780000;22;0.5
780000;21;0.5
780000;21;0.5
780000;20;0.5
780000;20;0.5
780000;24;0.5
780000;22;0.5
780000;21;0.5
780000;21;0.5
780000;22;0.5
780000;23;0.5
780000;21;0.5
780000;23;0.5
780000;21;0.5
780000;21;0.5
780000;22;0.5
780000;20;0.5
780000;22;0.5
780000;25;0.5
780000;20;0.5
780000;21;0.5
780000;20;0.5
780000;21;0.5
780000;23;0.5
780000;27;0.5
780000;23;0.5
780000;21;0.5
780000;24;0.5
780000;20;0.5
780000;21;0.5
780000;21;0.5
780000;21;0.5
780000;24;0.5
780000;22;0.5
780000;28;0.5
780000;21;0.5
780000;21;0.5
780000;22;0.5
780000;24;0.5
780000;20;0.5
780000;21;0.5
780000;22;0.5
780000;21;0.5
780000;23;0.5
780000;21;0.5
780000;20;0.5
780000;22;0.5
780000;20;0.5
780000;21;0.5
780000;21;0.5
790000;21;0.5
790000;23;0.5
790000;23;0.5
790000;21;0.5
790000;22;0.5
790000;21;0.5
790000;22;0.5
790000;24;0.5
790000;21;0.5
790000;20;0.5
790000;22;0.5
790000;21;0.5
790000;22;0.5
790000;23;0.5
790000;24;0.5
790000;24;0.5
790000;21;0.5
790000;23;0.5
790000;23;0.5
790000;20;0.5
790000;22;0.5
790000;20;0.5
790000;20;0.5
790000;21;0.5
790000;24;0.5
790000;21;0.5
790000;23;0.5
790000;22;0.5
790000;20;0.5
790000;24;0.5
790000;20;0.5
790000;23;0.5
790000;21;0.5
790000;22;0.5
790000;22;0.5
790000;23;0.5
790000;21;0.5
790000;22;0.5
790000;20;0.5
790000;21;0.5
790000;21;0.5
790000;23;0.5
790000;20;0.5
790000;25;0.5
790000;20;0.5
790000;22;0.5
790000;24;0.5
790000;21;0.5
790000;25;0.5
790000;20;0.5
800000;19;0.5
800000;23;0.5
800000;21;0.5
800000;22;0.5
800000;20;0.5
800000;22;0.5
800000;24;0.5
800000;22;0.5
800000;26;0.5
800000;21;0.5
800000;22;0.5
800000;20;0.5
800000;22;0.5
800000;22;0.5
800000;19;0.5
800000;22;0.5
800000;20;0.5
800000;21;0.5
800000;21;0.5
800000;21;0.5
800000;20;0.5
800000;23;0.5
800000;23;0.5
800000;21;0.5
800000;22;0.5
800000;22;0.5
800000;23;0.5
800000;19;0.5
800000;19;0.5
800000;20;0.5
800000;22;0.5
800000;22;0.5
800000;23;0.5
800000;23;0.5
800000;27;0.5
800000;27;0.5
800000;21;0.5
800000;19;0.5
800000;22;0.5
800000;24;0.5
800000;21;0.5
800000;22;0.5
800000;25;0.5
800000;21;0.5
800000;28;0.5
800000;24;0.5
800000;22;0.5
800000;20;0.5
800000;20;0.5
800000;25;0.5
810000;23;0.5
810000;20;0.5
810000;21;0.5
810000;20;0.5
810000;23;0.5
810000;24;0.5
810000;21;0.5
810000;20;0.5
810000;25;0.5
810000;21;0.5
810000;21;0.5
810000;21;0.5
810000;22;0.5
810000;20;0.5
810000;25;0.5
810000;30;0.5
810000;22;0.5
810000;22;0.5
810000;20;0.5
810000;23;0.5
810000;24;0.5
810000;21;0.5
810000;22;0.5
810000;23;0.5
810000;21;0.5
810000;24;0.5
810000;20;0.5
810000;20;0.5
810000;22;0.5
810000;24;0.5
810000;22;0.5
810000;19;0.5
810000;22;0.5
810000;23;0.5
810000;31;0.5
810000;22;0.5
810000;21;0.5
810000;22;0.5
810000;26;0.5
810000;21;0.5
810000;19;0.5
810000;23;0.5
810000;22;0.5
810000;25;0.5
810000;21;0.5
810000;22;0.5
810000;21;0.5
810000;19;0.5
810000;21;0.5
810000;22;0.5
820000;21;0.5
820000;21;0.5
820000;25;0.5
820000;21;0.5
820000;23;0.5
820000;20;0.5
820000;27;0.5
820000;21;0.5
820000;21;0.5
820000;18;0.5
820000;21;0.5
820000;24;0.5
820000;23;0.5
820000;22;0.5
820000;27;0.5
820000;20;0.5
820000;20;0.5
820000;24;0.5
820000;19;0.5
820000;21;0.5
820000;22;0.5
820000;19;0.5
820000;31;0.5
820000;27;0.5
820000;20;0.5
820000;20;0.5
820000;21;0.5
820000;22;0.5
820000;19;0.5
820000;26;0.5
820000;23;0.5
820000;23;0.5
820000;21;0.5
820000;24;0.5
820000;21;0.5
820000;22;0.5
820000;23;0.5
820000;23;0.5
820000;21;0.5
820000;23;0.5
820000;21;0.5
820000;21;0.5
820000;22;0.5
820000;24;0.5
820000;23;0.5
820000;24;0.5
820000;24;0.5
820000;21;0.5
820000;21;0.5
820000;20;0.5
830000;24;0.5
830000;20;0.5
830000;21;0.5
830000;20;0.5
830000;22;0.5
830000;22;0.5
830000;26;0.5
830000;23;0.5
830000;25;0.5
830000;24;0.5
830000;22;0.5
830000;21;0.5
830000;22;0.5
830000;23;0.5
830000;23;0.5
830000;23;0.5
830000;21;0.5
830000;22;0.5
830000;23;0.5
830000;23;0.5
830000;19;0.5
830000;21;0.5
830000;20;0.5
830000;23;0.5
830000;22;0.5
830000;23;0.5
830000;21;0.5
830000;23;0.5
830000;22;0.5
830000;25;0.5
830000;20;0.5
830000;26;0.5
830000;23;0.5
830000;23;0.5
830000;21;0.5
830000;23;0.5
830000;19;0.5
830000;22;0.5
830000;23;0.5
830000;21;0.5
830000;21;0.5
830000;22;0.5
830000;24;0.5
830000;20;0.5
830000;21;0.5
830000;23;0.5
830000;20;0.5
830000;21;0.5
830000;23;0.5
830000;25;0.5
840000;21;0.5
840000;21;0.5
840000;21;0.5
840000;23;0.5
840000;21;0.5
840000;22;0.5
840000;24;0.5
840000;24;0.5
840000;20;0.5
840000;21;0.5
840000;20;0.5
840000;20;0.5
840000;21;0.5
840000;25;0.5
840000;20;0.5
840000;26;0.5
840000;24;0.5
840000;26;0.5
840000;21;0.5
840000;23;0.5
840000;23;0.5
840000;20;0.5
840000;22;0.5
840000;24;0.5
840000;26;0.5
840000;20;0.5
840000;22;0.5
840000;22;0.5
840000;21;0.5
840000;22;0.5
840000;21;0.5
840000;20;0.5
840000;24;0.5
840000;21;0.5
840000;20;0.5
840000;21;0.5
840000;24;0.5
840000;25;0.5
840000;22;0.5
840000;20;0.5
840000;21;0.5
840000;22;0.5
840000;21;0.5
840000;23;0.5
840000;22;0.5
840000;21;0.5
840000;21;0.5
840000;22;0.5
840000;21;0.5
840000;22;0.5
850000;24;0.5
850000;25;0.5
850000;24;0.5
850000;26;0.5
850000;23;0.5
850000;21;0.5
850000;21;0.5
850000;20;0.5
850000;21;0.5
850000;24;0.5
850000;20;0.5
850000;21;0.5
850000;20;0.5
850000;29;0.5
850000;22;0.5
850000;22;0.5
850000;19;0.5
850000;24;0.5
850000;20;0.5
850000;23;0.5
850000;21;0.5
850000;19;0.5
850000;20;0.5
850000;20;0.5
850000;19;0.5
850000;19;0.5
850000;20;0.5
850000;20;0.5
850000;20;0.5
850000;23;0.5
850000;24;0.5
850000;22;0.5
850000;21;0.5
850000;23;0.5
850000;24;0.5
850000;22;0.5
850000;27;0.5
850000;22;0.5
850000;22;0.5
850000;20;0.5
850000;20;0.5
850000;22;0.5
850000;25;0.5
850000;20;0.5
850000;21;0.5
850000;22;0.5
850000;21;0.5
850000;20;0.5
850000;20;0.5
850000;22;0.5
860000;21;0.5
860000;23;0.5
860000;22;0.5
860000;23;0.5
860000;24;0.5
860000;21;0.5
860000;21;0.5
860000;21;0.5
860000;23;0.5
860000;21;0.5
860000;23;0.5
860000;21;0.5
860000;27;0.5
860000;22;0.5
860000;26;0.5
860000;25;0.5
860000;21;0.5
860000;21;0.5
860000;20;0.5
860000;23;0.5
860000;22;0.5
860000;21;0.5
860000;19;0.5
860000;23;0.5
860000;22;0.5
860000;23;0.5
860000;26;0.5
860000;27;0.5
860000;22;0.5
860000;20;0.5
860000;21;0.5
860000;26;0.5
860000;22;0.5
860000;26;0.5
860000;21;0.5
860000;22;0.5
860000;23;0.5
860000;20;0.5
860000;21;0.5
860000;21;0.5
860000;22;0.5
860000;22;0.5
860000;22;0.5
860000;19;0.5
860000;25;0.5
860000;21;0.5
860000;21;0.5
860000;21;0.5
860000;27;0.5
860000;19;0.5
870000;20;0.5
870000;21;0.5
870000;25;0.5
870000;22;0.5
870000;22;0.5
870000;22;0.5
870000;23;0.5
870000;22;0.5
870000;23;0.5
870000;21;0.5
870000;25;0.5
870000;22;0.5
870000;21;0.5
870000;22;0.5
870000;20;0.5
870000;20;0.5
870000;20;0.5
870000;21;0.5
870000;20;0.5
870000;20;0.5
870000;20;0.5
870000;22;0.5
870000;20;0.5
870000;23;0.5
870000;24;0.5
870000;20;0.5
870000;24;0.5
870000;23;0.5
870000;22;0.5
870000;21;0.5
870000;21;0.5
870000;23;0.5
870000;21;0.5
870000;23;0.5
870000;23;0.5
870000;21;0.5
870000;24;0.5
870000;22;0.5
870000;21;0.5
870000;26;0.5
870000;25;0.5
870000;22;0.5
870000;22;0.5
870000;21;0.5
870000;23;0.5
870000;27;0.5
870000;21;0.5
870000;22;0.5
870000;25;0.5
870000;24;0.5
880000;23;0.5
880000;26;0.5
880000;21;0.5
880000;23;0.5
880000;22;0.5
880000;24;0.5
880000;20;0.5
880000;20;0.5
880000;24;0.5
880000;20;0.5
880000;20;0.5
880000;23;0.5
880000;21;0.5
880000;23;0.5
880000;20;0.5
880000;20;0.5
880000;25;0.5
880000;22;0.5
880000;25;0.5
880000;23;0.5
880000;22;0.5
880000;23;0.5
880000;22;0.5
880000;22;0.5
880000;23;0.5
880000;22;0.5
880000;23;0.5
880000;26;0.5
880000;20;0.5
880000;20;0.5
880000;21;0.5
880000;23;0.5
880000;21;0.5
880000;22;0.5
880000;21;0.5
880000;21;0.5
880000;21;0.5
880000;21;0.5
880000;20;0.5
880000;21;0.5
880000;23;0.5
880000;20;0.5
880000;25;0.5
880000;22;0.5
880000;23;0.5
880000;21;0.5
880000;24;0.5
880000;22;0.5
880000;22;0.5
880000;24;0.5
890000;22;0.5
890000;21;0.5
890000;24;0.5
890000;21;0.5
890000;23;0.5
890000;21;0.5
890000;23;0.5
890000;21;0.5
890000;23;0.5
890000;21;0.5
890000;23;0.5
890000;22;0.5
890000;21;0.5
890000;20;0.5
890000;21;0.5
890000;25;0.5
890000;23;0.5
890000;19;0.5
890000;23;0.5
890000;21;0.5
890000;21;0.5
890000;26;0.5
890000;22;0.5
890000;24;0.5
890000;25;0.5
890000;30;0.5
890000;24;0.5
890000;21;0.5
890000;22;0.5
890000;22;0.5
890000;19;0.5
890000;21;0.5
890000;20;0.5
890000;23;0.5
890000;23;0.5
890000;24;0.5
890000;24;0.5
890000;22;0.5
890000;21;0.5
890000;23;0.5
890000;21;0.5
890000;22;0.5
890000;21;0.5
890000;21;0.5
890000;22;0.5
890000;21;0.5
890000;25;0.5
890000;23;0.5
890000;22;0.5
890000;21;0.5
900000;22;0.5
900000;22;0.5
900000;25;0.5
900000;22;0.5
900000;21;0.5
900000;22;0.5
900000;24;0.5
900000;21;0.5
900000;21;0.5
900000;25;0.5
900000;19;0.5
900000;20;0.5
900000;22;0.5
900000;25;0.5
900000;22;0.5
900000;23;0.5
900000;19;0.5
900000;20;0.5
900000;24;0.5
900000;22;0.5
900000;23;0.5
900000;23;0.5
900000;23;0.5
900000;21;0.5
900000;19;0.5
900000;23;0.5
900000;23;0.5
900000;21;0.5
900000;22;0.5
900000;21;0.5
900000;22;0.5
900000;23;0.5
900000;22;0.5
900000;26;0.5
900000;22;0.5
900000;19;0.5
900000;22;0.5
900000;23;0.5
900000;21;0.5
900000;21;0.5
900000;21;0.5
900000;23;0.5
900000;20;0.5
900000;24;0.5
900000;21;0.5
900000;21;0.5
900000;23;0.5
900000;24;0.5
900000;24;0.5
900000;20;0.5
910000;22;0.5
910000;21;0.5
910000;25;0.5
910000;27;0.5
910000;23;0.5
910000;21;0.5
910000;21;0.5
910000;24;0.5
910000;22;0.5
910000;23;0.5
910000;21;0.5
910000;21;0.5
910000;20;0.5
910000;22;0.5
910000;24;0.5
910000;23;0.5
910000;25;0.5
910000;22;0.5
910000;20;0.5
910000;22;0.5
910000;20;0.5
910000;23;0.5
910000;20;0.5
910000;22;0.5
910000;24;0.5
910000;24;0.5
910000;22;0.5
910000;22;0.5
910000;21;0.5
910000;22;0.5
910000;22;0.5
910000;22;0.5
910000;24;0.5
910000;23;0.5
910000;20;0.5
910000;24;0.5
910000;22;0.5
910000;24;0.5
910000;22;0.5
910000;20;0.5
910000;22;0.5
910000;24;0.5
910000;28;0.5
910000;24;0.5
910000;21;0.5
910000;21;0.5
910000;23;0.5
910000;22;0.5
910000;23;0.5
910000;22;0.5
920000;22;0.5
920000;21;0.5
920000;23;0.5
920000;22;0.5
920000;21;0.5
920000;22;0.5
920000;21;0.5
920000;22;0.5
920000;23;0.5
920000;24;0.5
920000;22;0.5
920000;25;0.5
920000;22;0.5
920000;22;0.5
920000;23;0.5
920000;22;0.5
920000;20;0.5
920000;21;0.5
920000;25;0.5
920000;22;0.5
920000;23;0.5
920000;21;0.5
920000;22;0.5
920000;22;0.5
920000;21;0.5
920000;21;0.5
920000;21;0.5
920000;22;0.5
920000;20;0.5
920000;23;0.5
920000;20;0.5
920000;24;0.5
920000;24;0.5
920000;22;0.5
920000;21;0.5
920000;21;0.5
920000;21;0.5
920000;22;0.5
920000;22;0.5
920000;21;0.5
920000;19;0.5
920000;21;0.5
920000;22;0.5
920000;21;0.5
920000;20;0.5
920000;21;0.5
920000;19;0.5
920000;25;0.5
920000;19;0.5
920000;21;0.5
930000;21;0.5
930000;20;0.5
930000;21;0.5
930000;22;0.5
930000;21;0.5
930000;25;0.5
930000;25;0.5
930000;21;0.5
930000;25;0.5
930000;23;0.5
930000;22;0.5
930000;21;0.5
930000;26;0.5
930000;25;0.5
930000;21;0.5
930000;25;0.5
930000;21;0.5
930000;19;0.5
930000;25;0.5
930000;22;0.5
930000;24;0.5
930000;22;0.5
930000;23;0.5
930000;22;0.5
930000;22;0.5
930000;23;0.5
930000;21;0.5
930000;19;0.5
930000;23;0.5
930000;22;0.5
930000;24;0.5
930000;22;0.5
930000;21;0.5
930000;23;0.5
930000;24;0.5
930000;25;0.5
930000;22;0.5
930000;20;0.5
930000;23;0.5
930000;20;0.5
930000;21;0.5
930000;24;0.5
930000;21;0.5
930000;19;0.5
930000;21;0.5
930000;24;0.5
930000;23;0.5
930000;21;0.5
930000;21;0.5
930000;25;0.5
940000;24;0.5
940000;26;0.5
940000;30;0.5
940000;25;0.5
940000;22;0.5
940000;22;0.5
940000;20;0.5
940000;22;0.5
940000;21;0.5
940000;22;0.5
940000;20;0.5
940000;22;0.5
940000;23;0.5
940000;21;0.5
940000;22;0.5
940000;20;0.5
940000;30;0.5
940000;23;0.5
940000;22;0.5
940000;22;0.5
940000;24;0.5
940000;21;0.5
940000;22;0.5
940000;22;0.5
940000;21;0.5
940000;20;0.5
940000;22;0.5
940000;23;0.5
940000;22;0.5
940000;24;0.5
940000;24;0.5
940000;22;0.5
940000;23;0.5
940000;22;0.5
940000;28;0.5
940000;22;0.5
940000;21;0.5
940000;22;0.5
940000;21;0.5
940000;21;0.5
940000;21;0.5
940000;22;0.5
940000;25;0.5
940000;23;0.5
940000;21;0.5
940000;21;0.5
940000;24;0.5
940000;21;0.5
940000;21;0.5
940000;22;0.5
950000;22;0.5
950000;21;0.5
950000;20;0.5
950000;21;0.5
950000;23;0.5
950000;23;0.5
950000;25;0.5
950000;20;0.5
950000;23;0.5
950000;23;0.5
950000;21;0.5
950000;21;0.5
950000;22;0.5
950000;22;0.5
950000;21;0.5
950000;20;0.5
950000;22;0.5
950000;23;0.5
950000;20;0.5
950000;25;0.5
950000;22;0.5
950000;21;0.5
950000;25;0.5
950000;21;0.5
950000;24;0.5
950000;22;0.5
950000;25;0.5
950000;22;0.5
950000;24;0.5
950000;21;0.5
950000;24;0.5
950000;20;0.5
950000;29;0.5
950000;22;0.5
950000;23;0.5
950000;19;0.5
950000;23;0.5
950000;19;0.5
950000;25;0.5
950000;24;0.5
950000;24;0.5
950000;23;0.5
950000;21;0.5
950000;22;0.5
950000;19;0.5
950000;23;0.5
950000;24;0.5
950000;20;0.5
950000;21;0.5
950000;25;0.5
960000;19;0.5
960000;23;0.5
960000;20;0.5
960000;21;0.5
960000;22;0.5
960000;22;0.5
960000;20;0.5
960000;26;0.5
960000;20;0.5
960000;21;0.5
960000;21;0.5
960000;21;0.5
960000;20;0.5
960000;20;0.5
960000;21;0.5
960000;25;0.5
960000;21;0.5
960000;21;0.5
960000;26;0.5
960000;22;0.5
960000;22;0.5
960000;23;0.5
960000;27;0.5
960000;20;0.5
960000;27;0.5
960000;22;0.5
960000;21;0.5
960000;22;0.5
960000;21;0.5
960000;22;0.5
960000;20;0.5
960000;22;0.5
960000;21;0.5
960000;22;0.5
960000;21;0.5
960000;22;0.5
960000;22;0.5
960000;28;0.5
960000;23;0.5
960000;27;0.5
960000;21;0.5
960000;21;0.5
960000;31;0.5
960000;23;0.5
960000;21;0.5
960000;23;0.5
960000;22;0.5
960000;21;0.5
960000;21;0.5
960000;22;0.5
970000;22;0.5
970000;21;0.5
970000;21;0.5
970000;24;0.5
970000;26;0.5
970000;22;0.5
970000;24;0.5
970000;23;0.5
970000;24;0.5
970000;20;0.5
970000;21;0.5
970000;21;0.5
970000;22;0.5
970000;25;0.5
970000;24;0.5
970000;20;0.5
970000;25;0.5
970000;25;0.5
970000;21;0.5
970000;22;0.5
970000;21;0.5
970000;23;0.5
970000;22;0.5
970000;20;0.5
970000;22;0.5
970000;24;0.5
970000;23;0.5
970000;21;0.5
970000;22;0.5
970000;22;0.5
970000;20;0.5
970000;20;0.5
970000;23;0.5
970000;23;0.5
970000;22;0.5
970000;20;0.5
970000;27;0.5
970000;22;0.5
970000;22;0.5
970000;24;0.5
970000;24;0.5
970000;24;0.5
970000;22;0.5
970000;23;0.5
970000;21;0.5
970000;21;0.5
970000;21;0.5
970000;23;0.5
970000;22;0.5
970000;21;0.5
980000;25;0.5
980000;23;0.5
980000;21;0.5
980000;23;0.5
980000;22;0.5
980000;20;0.5
980000;22;0.5
980000;23;0.5
980000;22;0.5
980000;22;0.5
980000;24;0.5
980000;20;0.5
980000;20;0.5
980000;21;0.5
980000;25;0.5
980000;24;0.5
980000;29;0.5
980000;20;0.5
980000;21;0.5
980000;23;0.5
980000;21;0.5
980000;21;0.5
980000;21;0.5
980000;21;0.5
980000;21;0.5
980000;20;0.5
980000;22;0.5
980000;22;0.5
980000;23;0.5
980000;23;0.5
980000;21;0.5
980000;21;0.5
980000;21;0.5
980000;21;0.5
980000;20;0.5
980000;22;0.5
980000;22;0.5
980000;22;0.5
980000;22;0.5
980000;21;0.5
980000;21;0.5
980000;24;0.5
980000;24;0.5
980000;23;0.5
980000;23;0.5
980000;24;0.5
980000;22;0.5
980000;20;0.5
980000;24;0.5
980000;28;0.5
990000;23;0.5
990000;21;0.5
990000;22;0.5
990000;22;0.5
990000;23;0.5
990000;21;0.5
990000;22;0.5
990000;21;0.5
990000;24;0.5
990000;23;0.5
990000;23;0.5
990000;21;0.5
990000;20;0.5
990000;23;0.5
990000;22;0.5
990000;24;0.5
990000;21;0.5
990000;24;0.5
990000;22;0.5
990000;22;0.5
990000;22;0.5
990000;21;0.5
990000;21;0.5
990000;21;0.5
990000;21;0.5
990000;20;0.5
990000;22;0.5
990000;22;0.5
990000;21;0.5
990000;21;0.5
990000;19;0.5
990000;25;0.5
990000;22;0.5
990000;22;0.5
990000;23;0.5
990000;23;0.5
990000;21;0.5
990000;22;0.5
990000;22;0.5
990000;23;0.5
990000;25;0.5
990000;20;0.5
990000;23;0.5
990000;21;0.5
990000;24;0.5
990000;27;0.5
990000;22;0.5
990000;21;0.5
990000;21;0.5
990000;22;0.5
1000000;20;0.5
1000000;20;0.5
1000000;22;0.5
1000000;23;0.5
1000000;22;0.5
1000000;22;0.5
1000000;25;0.5
1000000;22;0.5
1000000;25;0.5
1000000;21;0.5
1000000;20;0.5
1000000;22;0.5
1000000;24;0.5
1000000;20;0.5
1000000;22;0.5
1000000;20;0.5
1000000;26;0.5
1000000;28;0.5
1000000;20;0.5
1000000;21;0.5
1000000;22;0.5
1000000;26;0.5
1000000;22;0.5
1000000;24;0.5
1000000;23;0.5
1000000;19;0.5
1000000;22;0.5
1000000;22;0.5
1000000;24;0.5
1000000;22;0.5
1000000;23;0.5
1000000;23;0.5
1000000;21;0.5
1000000;23;0.5
1000000;26;0.5
1000000;23;0.5
1000000;23;0.5
1000000;21;0.5
1000000;28;0.5
1000000;25;0.5
1000000;22;0.5
1000000;22;0.5
1000000;20;0.5
1000000;21;0.5
1000000;20;0.5
1000000;23;0.5
1000000;20;0.5
1000000;26;0.5
1000000;22;0.5
1000000;22;0.5
